0 0.11171875 0.146875 0.1 0.09765625
1 0.82265625 0.58984375 0.17734375 0.2734375
0 0.8859375 0.0234375 0.11171875 0.04609375
0 0.64453125 0.31953125 0.1 0.103125
0 0.0328125 0.3171875 0.065625 0.11875
0 0.13125 0.221875 0.1078125 0.103125
0 0.253125 0.05703125 0.096875 0.103125
0 0.21015625 0.63671875 0.11171875 0.1390625
0 0.82265625 0.36875 0.1234375 0.14921875
0 0.58125 0.13125 0.10390625 0.11875
0 0.13359375 0.38671875 0.11953125 0.134375
0 0.65859375 0.60859375 0.12734375 0.14453125
0 0.28203125 0.52578125 0.1234375 0.14453125
0 0.28359375 0.28359375 0.096875 0.1234375