1 0.88515625 0.71875 0.221875 0.5375
0 0.72265625 0.3375 0.1140625 0.1125
0 0.73125 0.38125 0.11015625 0.1125
0 0.41171875 0.3046875 0.07578125 0.115625
0 0.83125 0.2796875 0.09375 0.115625
0 0.59765625 0.3375 0.115625 0.11875
1 0.096875 0.74375 0.19375 0.50625
0 0.321875 0.3265625 0.115625 0.128125
1 0.484375 0.6859375 0.228125 0.484375
0 0.234375 0.2765625 0.11171875 0.134375
0 0.49375 0.2453125 0.1203125 0.128125
0 0.91796875 0.2671875 0.10390625 0.128125
0 0.0796875 0.296875 0.13203125 0.14375