1 0.625 0.33515625 0.0921875 0.27734375
0 0.6625 0.3671875 0.07890625 0.11015625
0 0.81015625 0.2546875 0.06484375 0.10390625
1 0.8921875 0.44765625 0.09921875 0.22578125
1 0.8203125 0.4765625 0.11328125 0.28359375
0 0.68515625 0.20234375 0.075 0.0921875
0 0.42109375 0.29453125 0.08203125 0.115625
0 0.64375 0.14140625 0.06875 0.11015625
0 0.86484375 0.271875 0.07890625 0.10390625
0 0.728125 0.0984375 0.071875 0.10390625
0 0.4796875 0.33515625 0.08203125 0.115625
0 0.19140625 0.1703125 0.08203125 0.11015625
1 0.2328125 0.37578125 0.109375 0.3125
1 0.4828125 0.56640625 0.13671875 0.3125