0 0.08515625 0.18046875 0.04609375 0.06484375
0 0.56171875 0.21328125 0.04375 0.04921875
0 0.7359375 0.21484375 0.06015625 0.08359375
1 0.8703125 0.45703125 0.1359375 0.32109375
0 0.353125 0.21171875 0.05390625 0.07109375
0 0.1296875 0.20078125 0.0796875 0.07421875
0 0.8921875 0.21171875 0.084375 0.1015625
0 0.6671875 0.21640625 0.0859375 0.1109375
1 0.66328125 0.44609375 0.15390625 0.29921875
1 0.35078125 0.375 0.0859375 0.20078125
1 0.4953125 0.38125 0.0859375 0.25
0 0.50234375 0.16953125 0.071875 0.0984375
1 0.13203125 0.3984375 0.15234375 0.253125