1 0.41640625 0.36953125 0.13359375 0.33515625
1 0.80703125 0.17265625 0.08828125 0.22265625
1 0.0640625 0.15078125 0.08046875 0.13984375
1 0.71640625 0.18671875 0.08203125 0.20390625
1 0.88515625 0.1859375 0.08671875 0.2140625
1 0.23046875 0.346875 0.1234375 0.265625
0 0.07109375 0.0359375 0.059375 0.06796875
0 0.1765625 0.10546875 0.059375 0.0828125
0 0.621875 0.02109375 0.0484375 0.0421875
0 0.7359375 0.0390625 0.053125 0.078125
0 0.184375 0.046875 0.0484375 0.06796875
0 0.3546875 0.02578125 0.03515625 0.05078125
0 0.796875 0.02890625 0.06640625 0.05703125
0 0.28203125 0.05078125 0.059375 0.1015625
1 0.96015625 0.303125 0.0796875 0.28125
0 0.36171875 0.31015625 0.11953125 0.16171875
0 0.4046875 0.09375 0.071875 0.11484375
0 0.24453125 0.1328125 0.06953125 0.12109375
1 0.61171875 0.68671875 0.2296875 0.52890625
0 0.98046875 0.11015625 0.0390625 0.13125
0 0.88125 0.02734375 0.059375 0.0546875
0 0.60234375 0.28671875 0.12109375 0.225