0 0.65859375 0.4171875 0.04296875 0.03125
0 0.51953125 0.4015625 0.03828125 0.03359375
0 0.41328125 0.42421875 0.0578125 0.040625
1 0.728125 0.5171875 0.08671875 0.1203125
0 0.46875 0.3890625 0.0484375 0.03828125
0 0.31953125 0.34765625 0.08671875 0.06484375
1 0.5953125 0.515625 0.0890625 0.13671875
0 0.6 0.39296875 0.05546875 0.0453125
0 0.72578125 0.4109375 0.0625 0.03828125
0 0.87265625 0.4203125 0.0578125 0.03828125
1 0.8703125 0.5328125 0.09609375 0.13203125
0 0.2390625 0.39765625 0.0796875 0.06015625
1 0.415625 0.5453125 0.10546875 0.1296875
1 0.25703125 0.55546875 0.1296875 0.1828125