0 0.70703125 0.1859375 0.03984375 0.0546875
0 0.61796875 0.175 0.02890625 0.04375
1 0.5765625 0.26796875 0.08359375 0.1203125
1 0.42734375 0.259375 0.090625 0.12578125
0 0.52578125 0.15859375 0.04765625 0.065625
1 0.8421875 0.68046875 0.309375 0.5078125
0 0.78359375 0.17734375 0.0546875 0.07109375
0 0.321875 0.2625 0.06171875 0.0875
0 0.83984375 0.22421875 0.065625 0.0875
0 0.065625 0.41796875 0.1015625 0.11484375
0 0.40546875 0.17734375 0.0546875 0.08203125
0 0.14921875 0.34140625 0.0796875 0.09296875
0 0.77265625 0.3578125 0.18515625 0.24609375
0 0.58125 0.171875 0.04453125 0.0546875
0 0.7359375 0.16796875 0.03515625 0.05078125
0 0.73359375 0.1453125 0.0296875 0.03515625
1 0.51171875 0.80625 0.22734375 0.37421875