0 0.59296875 0.371875 0.02421875 0.03828125
1 0.14921875 0.5875 0.1125 0.2796875
0 0.1375 0.1015625 0.03828125 0.1015625
1 0.84296875 0.3625 0.08671875 0.18359375
1 0.5515625 0.3390625 0.07421875 0.2234375
1 0.59609375 0.484375 0.05234375 0.12578125
0 0.36328125 0.14921875 0.05546875 0.1203125
0 0.39921875 0.1609375 0.03515625 0.06328125
1 0.284375 0.33828125 0.11171875 0.34921875
1 0.459375 0.3796875 0.1125 0.25078125
0 0.21640625 0.0765625 0.0546875 0.08359375
1 0.040625 0.4484375 0.08125 0.4875
0 0.0515625 0.03671875 0.1015625 0.06875
0 0.409375 0.43125 0.06875 0.13828125
1 0.4453125 0.6234375 0.15078125 0.23671875
0 0.54296875 0.13125 0.0515625 0.07265625
0 0.140625 0.31328125 0.09375 0.12890625
1 0.9265625 0.3265625 0.0890625 0.2203125
0 0.26875 0.03359375 0.07265625 0.0671875
0 0.6515625 0.0546875 0.0515625 0.08359375
1 0.753125 0.3734375 0.084375 0.2203125
0 0.459375 0.15 0.05390625 0.08203125
0 0.84453125 0.178125 0.05078125 0.06875
0 0.75390625 0.16328125 0.05078125 0.07265625
0 0.909375 0.1375 0.06171875 0.08203125
1 0.66171875 0.27578125 0.09921875 0.25625