1 0.4046875 0.20078125 0.15625 0.18515625
1 0.36875 0.79765625 0.1296875 0.13671875
1 0.3921875 0.53359375 0.16328125 0.16015625
0 0.5890625 0.68359375 0.071875 0.0453125
0 0.55625 0.38359375 0.08984375 0.06875
0 0.1453125 0.6625 0.08515625 0.053125
0 0.1921875 0.3609375 0.09375 0.0625
0 0.784375 0.70546875 0.07265625 0.05078125
0 0.22265625 0.66875 0.075 0.05234375
0 0.56015625 0.065625 0.08203125 0.05546875
0 0.9 0.68671875 0.071875 0.0546875
0 0.39765625 0.03125 0.078125 0.053125
0 0.4828125 0.67734375 0.07578125 0.05234375
0 0.715625 0.03828125 0.07578125 0.053125
0 0.88046875 0.37265625 0.0890625 0.0609375
0 0.353125 0.375 0.0890625 0.06328125
0 0.371875 0.66328125 0.071875 0.0484375
0 0.18125 0.03046875 0.078125 0.053125
0 0.2765625 0.09140625 0.08125 0.05625
0 0.69765625 0.653125 0.071875 0.04765625
0 0.87734375 0.0625 0.0796875 0.059375
0 0.66953125 0.33125 0.090625 0.06484375