1 0.515625 0.82109375 0.09609375 0.23125
0 0.72578125 0.68046875 0.0921875 0.1109375
0 0.77734375 0.609375 0.08203125 0.084375
0 0.6109375 0.60390625 0.0578125 0.06640625
1 0.80703125 0.78671875 0.09375 0.234375
0 0.3046875 0.59140625 0.08984375 0.08984375
1 0.62421875 0.7234375 0.1 0.16796875
0 0.4390625 0.65 0.078125 0.09921875
1 0.43671875 0.85703125 0.1421875 0.28515625
0 0.51015625 0.659375 0.06015625 0.09296875
1 0.2796875 0.7984375 0.14765625 0.28203125
1 0.72421875 0.87109375 0.16796875 0.234375