1 0.42421875 0.50546875 0.04609375 0.134375
1 0.4875 0.4921875 0.053125 0.17734375
1 0.53203125 0.525 0.06171875 0.17734375
0 0.42421875 0.3953125 0.03046875 0.03828125
0 0.23515625 0.4140625 0.0296875 0.03984375
0 0.47734375 0.3484375 0.040625 0.05703125
0 0.525 0.3765625 0.04375 0.06015625
1 0.5984375 0.53046875 0.09609375 0.2609375
0 0.1125 0.421875 0.0359375 0.04609375
0 0.584375 0.3109375 0.06171875 0.09296875
1 0.10390625 0.53828125 0.0640625 0.1328125
1 0.2328125 0.534375 0.06015625 0.140625
0 0.93359375 0.2296875 0.1328125 0.19921875
1 0.93203125 0.68984375 0.134375 0.6109375