0 0.6578125 0.19765625 0.0921875 0.06015625
0 0.74375 0.221875 0.09609375 0.07578125
0 0.3921875 0.25390625 0.1359375 0.1
0 0.165625 0.24609375 0.12421875 0.084375
0 0.2921875 0.55390625 0.16796875 0.1
0 0.2640625 0.2859375 0.15234375 0.1
1 0.15234375 0.86171875 0.30390625 0.27578125
0 0.69375 0.55390625 0.12421875 0.0921875
0 0.7859375 0.278125 0.0921875 0.06796875
0 0.9078125 0.178125 0.09609375 0.06015625
0 0.85390625 0.234375 0.1078125 0.07578125
0 0.81015625 0.6796875 0.13203125 0.09609375
0 0.66796875 0.28828125 0.1359375 0.0796875
0 0.3859375 0.63828125 0.14765625 0.1078125
0 0.61015625 0.69765625 0.1640625 0.1078125
0 0.5203125 0.24375 0.1203125 0.1203125
0 0.14375 0.621875 0.17578125 0.115625
0 0.96171875 0.6421875 0.07578125 0.1078125
0 0.96015625 0.26171875 0.0796875 0.0921875