0 0.4109375 0.54140625 0.04609375 0.07265625
0 0.05078125 0.5296875 0.05 0.05546875
0 0.43828125 0.5140625 0.0359375 0.05859375
0 0.31484375 0.5015625 0.0421875 0.05546875
0 0.10234375 0.52109375 0.03984375 0.05859375
0 0.2046875 0.503125 0.0421875 0.05859375
0 0.64921875 0.58125 0.0859375 0.08984375
0 0.28125 0.86640625 0.22578125 0.26640625
0 0.36796875 0.59140625 0.05625 0.08984375
0 0.82265625 0.63828125 0.11015625 0.1625
0 0.43984375 0.5984375 0.071875 0.10390625
0 0.5328125 0.55390625 0.0578125 0.08984375
0 0.740625 0.50703125 0.05 0.065625
1 0.64765625 0.825 0.15234375 0.2875
1 0.45390625 0.84765625 0.1359375 0.29765625
0 0.28984375 0.55 0.05234375 0.07578125