0 0.78984375 0.5078125 0.28203125 0.4796875
1 0.11796875 0.16484375 0.228125 0.3296875
0 0.62734375 0.175 0.28984375 0.33984375
0 0.96328125 0.5125 0.0734375 0.46875
0 0.34765625 0.83984375 0.278125 0.31953125
0 0.1140625 0.16484375 0.228125 0.31953125
0 0.20625 0.51796875 0.28203125 0.43828125
0 0.34296875 0.18125 0.2703125 0.3625
0 0.64765625 0.83046875 0.2609375 0.33828125
0 0.10390625 0.8328125 0.2078125 0.31328125
0 0.5140625 0.515625 0.26953125 0.42265625
0 0.88671875 0.16953125 0.2265625 0.32734375