0 0.76953125 0.34375 0.034375 0.06328125
1 0.859375 0.2109375 0.0546875 0.12109375
0 0.4484375 0.10703125 0.03125 0.040625
1 0.44140625 0.5234375 0.071875 0.15625
0 0.86796875 0.11015625 0.0375 0.0578125
0 0.21796875 0.4625 0.0515625 0.0578125
0 0.80546875 0.08125 0.0375 0.0578125
1 0.24375 0.62421875 0.07578125 0.196875
0 0.69609375 0.29765625 0.04453125 0.06328125
0 0.24375 0.37890625 0.0546875 0.06328125
0 0.640625 0.35546875 0.04453125 0.075
0 0.96875 0.30078125 0.034375 0.06953125
0 0.09453125 0.5546875 0.0515625 0.0921875
0 0.47734375 0.39609375 0.04140625 0.075