0 0.39765625 0.36875 0.06953125 0.06015625
0 0.9109375 0.38203125 0.0671875 0.0578125
1 0.38671875 0.5375 0.1109375 0.23828125
0 0.509375 0.33046875 0.08203125 0.06484375
0 0.12734375 0.353125 0.08203125 0.0671875
0 0.6453125 0.3703125 0.0796875 0.0625
1 0.85703125 0.54453125 0.17578125 0.2671875
0 0.26953125 0.3546875 0.071875 0.06015625
1 0.13671875 0.50390625 0.1390625 0.2046875
1 0.5 0.52890625 0.15859375 0.27421875
1 0.65390625 0.5609375 0.15390625 0.2671875
1 0.2765625 0.5015625 0.134375 0.18984375
0 0.859375 0.36484375 0.06796875 0.07109375