1 0.84921875 0.78984375 0.1125 0.18046875
0 0.634375 0.6171875 0.03984375 0.0765625
1 0.73984375 0.5984375 0.0765625 0.14765625
0 0.48359375 0.459375 0.05078125 0.065625
1 0.19296875 0.6859375 0.3203125 0.60625
0 0.73671875 0.49453125 0.0546875 0.07109375
0 0.57421875 0.53828125 0.065625 0.09296875
1 0.4875 0.56796875 0.0796875 0.153125
1 0.56015625 0.65546875 0.109375 0.175
0 0.88359375 0.49453125 0.0578125 0.07109375
1 0.88359375 0.61484375 0.1015625 0.18046875
0 0.26015625 0.2078125 0.22890625 0.30625