0 0.2859375 0.47265625 0.0578125 0.05546875
0 0.40859375 0.41328125 0.16796875 0.14453125
0 0.18515625 0.45546875 0.071875 0.06484375
0 0.2078125 0.46171875 0.06484375 0.0578125
1 0.384375 0.625 0.1875 0.23046875
0 0.98203125 0.4640625 0.0359375 0.0671875
0 0.9171875 0.446875 0.0984375 0.08203125
1 0.57578125 0.58984375 0.1515625 0.23828125
1 0.88359375 0.60234375 0.2046875 0.2328125
0 0.6875 0.4421875 0.15390625 0.115625
0 0.3375 0.4546875 0.09375 0.09609375
0 0.5625 0.4203125 0.10078125 0.09140625