1 0.66640625 0.4875 0.14453125 0.446875
1 0.0546875 0.546875 0.109375 0.478125
0 0.37734375 0.2765625 0.07578125 0.10078125
1 0.509375 0.5375 0.15703125 0.43359375
1 0.26875 0.64453125 0.16640625 0.534375
0 0.50625 0.1921875 0.10078125 0.14453125
0 0.2828125 0.18515625 0.11328125 0.15703125
0 0.2125 0.10390625 0.09765625 0.14453125
0 0.04375 0.153125 0.0875 0.13125
0 0.93203125 0.15703125 0.11015625 0.15078125
0 0.82578125 0.16953125 0.09140625 0.12578125
0 0.65546875 0.10078125 0.09140625 0.13828125