0 0.853125 0.67265625 0.1140625 0.19921875
1 0.21171875 0.26953125 0.08828125 0.26484375
0 0.3703125 0.08984375 0.04765625 0.065625
0 0.1890625 0.096875 0.07421875 0.09140625
1 0.065625 0.16015625 0.13125 0.2640625
0 0.94375 0.05390625 0.05625 0.0515625
0 0.68828125 0.07578125 0.084375 0.09375
0 0.35 0.421875 0.1 0.096875
0 0.95703125 0.165625 0.07421875 0.0796875
0 0.84375 0.0359375 0.084375 0.065625
1 0.709375 0.26640625 0.13828125 0.2421875
1 0.3546875 0.6421875 0.13828125 0.259375
0 0.290625 0.13984375 0.0859375 0.11953125
0 0.79609375 0.3875 0.1203125 0.159375
1 0.27421875 0.34921875 0.1078125 0.29921875