1 0.9015625 0.490625 0.0375 0.06875
1 0.7046875 0.48359375 0.040625 0.0875
0 0.896875 0.42734375 0.0203125 0.0203125
0 0.7765625 0.28828125 0.04296875 0.0421875
1 0.97578125 0.4859375 0.0328125 0.07109375
1 0.65 0.4359375 0.06640625 0.14296875
0 0.64765625 0.3140625 0.03828125 0.03671875
1 0.30234375 0.37109375 0.1125 0.21171875
1 0.415625 0.35859375 0.08125 0.26796875
0 0.2875 0.17734375 0.07109375 0.065625
0 0.4265625 0.11171875 0.07734375 0.07109375
0 0.4953125 0.053125 0.0828125 0.0828125
1 0.5140625 0.3203125 0.12890625 0.3
1 0.784375 0.4203125 0.071875 0.146875