1 0.84140625 0.5015625 0.0578125 0.09609375
1 0.31953125 0.50390625 0.053125 0.08203125
1 0.10078125 0.52890625 0.196875 0.27734375
0 0.9015625 0.40703125 0.0484375 0.03359375
1 0.52265625 0.51953125 0.0890625 0.12265625
1 0.396875 0.5203125 0.10546875 0.13984375
0 0.6234375 0.41796875 0.040625 0.03125
0 0.7171875 0.3953125 0.05078125 0.03359375
0 0.85 0.40390625 0.0453125 0.03125
1 0.940625 0.528125 0.11875 0.146875
0 0.51796875 0.4171875 0.05078125 0.03828125
1 0.71484375 0.51328125 0.09375 0.1203125
0 0.3953125 0.38828125 0.06015625 0.04375
0 0.14453125 0.275 0.16796875 0.115625
0 0.95703125 0.38828125 0.071875 0.04375
1 0.61640625 0.5 0.0703125 0.10625
0 0.3328125 0.4265625 0.04921875 0.03984375
0 0.45234375 0.440625 0.0453125 0.028125
0 0.1375 0.0546875 0.1796875 0.10078125