0 0.411719 0.154688 0.032813 0.078125
0 0.127344 0.153906 0.039062 0.089063
0 0.853906 0.101562 0.039062 0.078125
0 0.778125 0.092188 0.034375 0.078125
0 0.713281 0.088281 0.039062 0.082812
0 0.182812 0.126562 0.028125 0.078125
0 0.064844 0.114844 0.035937 0.082812
0 0.646094 0.158594 0.042188 0.089063
0 0.910937 0.095312 0.034375 0.078125
0 0.334375 0.138281 0.031250 0.067187
0 0.278125 0.132812 0.034375 0.078125
0 0.221094 0.146094 0.032813 0.082812
0 0.473438 0.109375 0.037500 0.084375
1 0.476562 0.388281 0.121875 0.310937
