1 0.13984375 0.675 0.065625 0.1125
1 0.1375 0.51015625 0.071875 0.1375
1 0.803125 0.48046875 0.0609375 0.10234375
1 0.7328125 0.63828125 0.059375 0.12265625
1 0.54453125 0.48515625 0.046875 0.12109375
1 0.909375 0.68203125 0.059375 0.15625
1 0.87265625 0.48046875 0.059375 0.11875
1 0.6703125 0.465625 0.0625 0.11875
1 0.934375 0.503125 0.05859375 0.12734375
0 0.140625 0.58203125 0.046875 0.05234375
1 0.82734375 0.66953125 0.084375 0.15625
1 0.084375 0.40078125 0.06640625 0.17734375
1 0.59140625 0.47109375 0.05546875 0.12109375