1 0.70703125 0.60390625 0.134375 0.22421875
0 0.6984375 0.43203125 0.07265625 0.0875
0 0.36015625 0.27890625 0.0578125 0.065625
1 0.21484375 0.584375 0.1453125 0.21875
0 0.8125 0.28125 0.06875 0.08203125
0 0.5203125 0.259375 0.0578125 0.07109375
0 0.84375 0.42890625 0.09453125 0.09296875
0 0.6890625 0.23515625 0.06875 0.0765625
1 0.1453125 0.42109375 0.109375 0.240625
0 0.2109375 0.4046875 0.0796875 0.0765625
0 0.6 0.284375 0.065625 0.065625
0 0.4546875 0.24609375 0.0578125 0.0765625
0 0.17421875 0.24609375 0.0796875 0.0875
1 0.86015625 0.6203125 0.178125 0.24609375
0 0.265625 0.2484375 0.07265625 0.08203125
1 0.55234375 0.6453125 0.1375 0.25078125
1 0.51484375 0.44296875 0.12578125 0.22578125
1 0.60546875 0.45 0.0984375 0.19609375
1 0.71328125 0.4265625 0.14453125 0.20703125
1 0.809375 0.4140625 0.09375 0.16015625
1 0.4515625 0.425 0.09140625 0.22578125
1 0.359375 0.6359375 0.1546875 0.24765625
1 0.36484375 0.4265625 0.12578125 0.17109375
1 0.2640625 0.4171875 0.09921875 0.18203125