1 0.415625 0.528125 0.140625 0.28671875
0 0.715625 0.37578125 0.0890625 0.16015625
0 0.184375 0.271875 0.05 0.05078125
1 0.153125 0.4265625 0.08515625 0.1640625
0 0.35390625 0.246875 0.0375 0.053125
0 0.62265625 0.24453125 0.0421875 0.04453125
1 0.06796875 0.35234375 0.07890625 0.1
0 0.74296875 0.2296875 0.053125 0.06015625
1 0.2265625 0.50234375 0.12578125 0.20859375
1 0.71640625 0.3734375 0.090625 0.16015625
0 0.15234375 0.20234375 0.046875 0.04921875
1 0.88515625 0.37890625 0.090625 0.17109375
1 0.6125 0.73984375 0.22890625 0.35546875
0 0.071875 0.26640625 0.053125 0.0578125
0 0.73359375 0.26640625 0.0546875 0.0625
0 0.24453125 0.3375 0.07109375 0.0890625
0 0.88125 0.24921875 0.05625 0.06640625
1 0.9609375 0.45234375 0.078125 0.1921875
0 0.79765625 0.246875 0.05625 0.0796875
0 0.1734375 0.3234375 0.0625 0.0734375
0 0.28046875 0.26875 0.06328125 0.07578125
0 0.3609375 0.4734375 0.11796875 0.12890625
0 0.9796875 0.31640625 0.040625 0.0953125
0 0.40390625 0.30703125 0.07734375 0.09296875
0 0.60234375 0.45859375 0.12890625 0.17578125