0 0.265625 0.69765625 0.0265625 0.01875
1 0.35703125 0.75703125 0.06796875 0.0609375
0 0.6 0.69921875 0.0296875 0.01953125
0 0.121875 0.709375 0.03359375 0.0203125
0 0.15 0.70078125 0.028125 0.01640625
0 0.04296875 0.7875 0.0359375 0.021875
0 0.71640625 0.759375 0.03046875 0.01953125
1 0.0515625 0.83984375 0.07578125 0.065625
0 0.91484375 0.67265625 0.0296875 0.01640625
0 0.04296875 0.71953125 0.03359375 0.01953125
0 0.2453125 0.71015625 0.0296875 0.01796875
0 0.2984375 0.70703125 0.03984375 0.01875
0 0.92265625 0.759375 0.034375 0.01796875
1 0.9140625 0.715625 0.0546875 0.0515625
0 0.35546875 0.70859375 0.03359375 0.0203125
0 0.1875 0.709375 0.03359375 0.0203125
0 0.765625 0.69921875 0.0296875 0.01796875
1 0.65 0.29453125 0.51875 0.30546875