0 0.7890625 0.32578125 0.04453125 0.1453125
0 0.59921875 0.403125 0.0734375 0.21171875
0 0.5375 0.29765625 0.0578125 0.16328125
0 0.84296875 0.3609375 0.0703125 0.16328125
0 0.675 0.3765625 0.06796875 0.171875
0 0.9765625 0.31796875 0.0453125 0.19609375
1 0.96484375 0.790625 0.0703125 0.4140625
0 0.8984375 0.2953125 0.06875 0.1765625
0 0.73984375 0.246875 0.07109375 0.1765625
0 0.4015625 0.271875 0.0640625 0.16953125
1 0.7484375 0.75625 0.14453125 0.48671875
0 0.4828125 0.275 0.06171875 0.171875
1 0.49296875 0.7671875 0.1328125 0.465625