1 0.74296875 0.61640625 0.11328125 0.24375
0 0.33671875 0.2140625 0.06640625 0.08359375
1 0.31796875 0.3359375 0.096875 0.1609375
0 0.61796875 0.2859375 0.08984375 0.10703125
0 0.75859375 0.43125 0.08359375 0.125
1 0.50703125 0.38984375 0.11328125 0.23203125
0 0.91015625 0.4375 0.06640625 0.11328125
0 0.15859375 0.24375 0.08359375 0.10703125
1 0.1734375 0.4140625 0.11328125 0.23203125
1 0.91171875 0.625 0.11640625 0.25
0 0.48671875 0.20546875 0.1 0.125
1 0.6296875 0.44921875 0.09296875 0.23203125