0 0.58984375 0.40390625 0.03125 0.02890625
1 0.58671875 0.4421875 0.0578125 0.0671875
0 0.09140625 0.4734375 0.03359375 0.03359375
1 0.65234375 0.5484375 0.07421875 0.08671875
1 0.52734375 0.44921875 0.05546875 0.071875
0 0.7984375 0.4578125 0.03828125 0.0359375
1 0.140625 0.5296875 0.05078125 0.06015625
0 0.759375 0.48203125 0.03359375 0.0359375
0 0.14453125 0.484375 0.03828125 0.03125
1 0.38203125 0.50703125 0.0578125 0.09140625
0 0.53359375 0.396875 0.03828125 0.03359375
0 0.3953125 0.44921875 0.0359375 0.02890625
0 0.46015625 0.4578125 0.0453125 0.0359375
0 0.65625 0.4890625 0.03828125 0.0359375
1 0.46171875 0.5328125 0.08671875 0.1078125