1 0.83515625 0.0421875 0.12734375 0.084375
1 0.65703125 0.040625 0.1140625 0.08125
0 0.66953125 0.38671875 0.06484375 0.06015625
0 0.48828125 0.375 0.0671875 0.06015625
0 0.078125 0.421875 0.084375 0.07734375
1 0.0875 0.5015625 0.1421875 0.13984375
0 0.8390625 0.3828125 0.071875 0.0578125
1 0.65390625 0.4734375 0.115625 0.1375
1 0.490625 0.4671875 0.1109375 0.14453125
0 0.21640625 0.39609375 0.0765625 0.06484375
1 0.83515625 0.478125 0.12734375 0.1375
1 0.25234375 0.4890625 0.14921875 0.14453125