0 0.4203125 0.5046875 0.0140625 0.021875
0 0.328125 0.64140625 0.02109375 0.03359375
0 0.33203125 0.5734375 0.01640625 0.03125
0 0.6046875 0.49609375 0.028125 0.0359375
0 0.0859375 0.47890625 0.02578125 0.03359375
1 0.06796875 0.58125 0.05703125 0.12265625
1 0.8859375 0.57578125 0.04140625 0.1125
0 0.8859375 0.4875 0.03359375 0.0375
1 0.5609375 0.5890625 0.046875 0.11875
0 0.365625 0.45859375 0.03359375 0.04765625
1 0.615625 0.57421875 0.0359375 0.10078125
1 0.36484375 0.57734375 0.04765625 0.14609375
0 0.55703125 0.4921875 0.03203125 0.0515625