1 0.02734375 0.47734375 0.021875 0.03359375
0 0.02890625 0.4484375 0.0140625 0.0171875
0 0.134375 0.43359375 0.01640625 0.01875
0 0.0671875 0.415625 0.0203125 0.0171875
1 0.07109375 0.4671875 0.0359375 0.0609375
0 0.7046875 0.35703125 0.08359375 0.06640625
0 0.56484375 0.38671875 0.06875 0.06484375
0 0.27890625 0.3984375 0.07734375 0.0765625
0 0.44375 0.378125 0.0703125 0.059375
1 0.440625 0.615625 0.1359375 0.2703125
1 0.2765625 0.6390625 0.15625 0.30078125
1 0.571875 0.61875 0.128125 0.2734375
1 0.7109375 0.60703125 0.14765625 0.290625