1 0.47265625 0.534375 0.059375 0.18203125
1 0.515625 0.49375 0.05234375 0.17109375
1 0.578125 0.5078125 0.0453125 0.1359375
0 0.52265625 0.346875 0.0390625 0.05390625
0 0.47578125 0.37890625 0.04375 0.05859375
0 0.76484375 0.4140625 0.0296875 0.03671875
0 0.5765625 0.3953125 0.03046875 0.03515625
1 0.4078125 0.53203125 0.08984375 0.25
0 0.8875 0.42109375 0.034375 0.04453125
1 0.76875 0.534375 0.06171875 0.140625
0 0.415625 0.31171875 0.0625 0.09140625
1 0.89375 0.53828125 0.06328125 0.1328125
0 0.06875 0.2328125 0.13671875 0.20234375
1 0.071875 0.68828125 0.14296875 0.6015625