0 0.38203125 0.171875 0.025 0.03828125
0 0.2578125 0.16875 0.03515625 0.04375
0 0.29609375 0.18203125 0.0375 0.046875
0 0.41328125 0.2109375 0.021875 0.0234375
0 0.475 0.15390625 0.03125 0.04375
0 0.4140625 0.1671875 0.04296875 0.053125
0 0.67578125 0.2609375 0.046875 0.05859375
0 0.16328125 0.21875 0.0484375 0.06171875
0 0.59296875 0.17734375 0.0453125 0.0671875
0 0.934375 0.41796875 0.0921875 0.096875
0 0.215625 0.17265625 0.053125 0.053125
0 0.8484375 0.3390625 0.06875 0.07890625
0 0.22578125 0.3546875 0.1578125 0.22890625
1 0.95390625 0.58984375 0.09140625 0.14921875
1 0.84296875 0.46328125 0.09296875 0.13125
1 0.50390625 0.85546875 0.22109375 0.2890625
1 0.16640625 0.65 0.2625 0.4875
1 0.56953125 0.2609375 0.07890625 0.134375
1 0.4328125 0.2734375 0.10703125 0.12265625