1 0.566406 0.448437 0.035937 0.037500
0 0.917188 0.378125 0.015625 0.018750
0 0.504687 0.417187 0.025000 0.018750
0 0.865625 0.389062 0.012500 0.012500
1 0.503906 0.443750 0.035937 0.043750
0 0.567187 0.421875 0.025000 0.018750
1 0.368750 0.439844 0.056250 0.054688
1 0.368750 0.508594 0.118750 0.101562
1 0.464062 0.449219 0.043750 0.060937
0 0.716406 0.349219 0.048438 0.039062
1 0.711719 0.421875 0.076563 0.100000
0 0.134375 0.338281 0.100000 0.070312
1 0.856250 0.461719 0.062500 0.079687
1 0.126562 0.489063 0.175000 0.212500
