1 0.465625 0.6015625 0.0625 0.33984375
0 0.446875 0.33359375 0.05390625 0.0890625
1 0.10546875 0.51796875 0.065625 0.17265625
0 0.09453125 0.38046875 0.04609375 0.05078125
0 0.39140625 0.27265625 0.0828125 0.0890625
0 0.015625 0.2765625 0.03125 0.1421875
0 0.965625 0.26484375 0.065625 0.20546875
1 0.9546875 0.75078125 0.0875 0.4984375
0 0.57578125 0.24765625 0.096875 0.134375
1 0.58671875 0.628125 0.153125 0.4546875
1 0.29375 0.64609375 0.2015625 0.51484375
0 0.2875 0.18046875 0.12421875 0.13671875
1 0.7875 0.67890625 0.22890625 0.61171875
0 0.771875 0.21171875 0.11875 0.15