0 0.721875 0.18359375 0.0703125 0.0734375
0 0.20390625 0.21484375 0.06328125 0.06796875
0 0.32578125 0.24296875 0.06015625 0.06796875
0 0.571875 0.2171875 0.06015625 0.0734375
1 0.72734375 0.42109375 0.1234375 0.2765625
1 0.86796875 0.47421875 0.13046875 0.32734375
0 0.446875 0.18671875 0.06328125 0.07890625
1 0.57890625 0.4375 0.1234375 0.265625
0 0.859375 0.2171875 0.07734375 0.084375
1 0.4578125 0.40078125 0.10546875 0.26015625
1 0.33125 0.4578125 0.1125 0.26015625
1 0.20078125 0.4234375 0.11953125 0.2484375