0 0.871875 0.38671875 0.05 0.07109375
0 0.34296875 0.35703125 0.053125 0.08359375
1 0.26015625 0.5 0.08671875 0.2265625
1 0.121875 0.4703125 0.0703125 0.2265625
0 0.58359375 0.35390625 0.046875 0.065625
0 0.2703125 0.31875 0.06015625 0.07734375
0 0.4703125 0.3484375 0.06015625 0.065625
1 0.4703125 0.5390625 0.10703125 0.2796875
0 0.64296875 0.36015625 0.053125 0.07734375
0 0.1296875 0.30078125 0.053125 0.0890625
1 0.64140625 0.5390625 0.08359375 0.24375
0 0.0265625 0.26484375 0.053125 0.0890625
1 0.93515625 0.57421875 0.08359375 0.24375
0 0.93828125 0.3984375 0.05703125 0.0953125