0 0.3640625 0.6359375 0.06796875 0.07734375
0 0.0171875 0.60546875 0.034375 0.06953125
0 0.22421875 0.59765625 0.05625 0.075
1 0.146875 0.72421875 0.07421875 0.184375
1 0.103125 0.73203125 0.078125 0.17890625
0 0.18515625 0.5890625 0.04609375 0.05859375
0 0.11171875 0.5828125 0.0640625 0.07734375
0 0.49921875 0.61171875 0.065625 0.07734375
1 0.728125 0.765625 0.10390625 0.20234375
0 0.05234375 0.571875 0.1 0.109375
0 0.575 0.60234375 0.08203125 0.09609375
1 0.48828125 0.7546875 0.0796875 0.20234375
0 0.83828125 0.63359375 0.071875 0.071875
1 0.64296875 0.7625 0.09765625 0.2078125
1 0.38828125 0.75859375 0.14375 0.1890625
1 0.26015625 0.765625 0.13203125 0.16015625
1 0.04609375 0.78125 0.0921875 0.25078125
0 0.278125 0.61484375 0.1078125 0.0984375
0 0.7359375 0.61875 0.07578125 0.08515625
0 0.65 0.575 0.0921875 0.0984375
1 0.846875 0.771875 0.1140625 0.1890625
0 0.4203125 0.5828125 0.10390625 0.10390625
1 0.553125 0.75625 0.10625 0.2109375