1 0.9828125 0.6078125 0.034375 0.17734375
1 0.421875 0.64453125 0.07578125 0.29765625
1 0.671875 0.64296875 0.11171875 0.30625
0 0.18984375 0.4296875 0.04375 0.06015625
0 0.6890625 0.425 0.078125 0.08671875
1 0.52578125 0.67890625 0.16015625 0.390625
0 0.45234375 0.375 0.084375 0.084375
0 0.57421875 0.36484375 0.115625 0.1171875
0 0.82109375 0.3546875 0.10234375 0.1140625
1 0.80703125 0.6625 0.19765625 0.38125
1 0.08984375 0.546875 0.084375 0.16796875
0 0.29375 0.40546875 0.15234375 0.16796875
1 0.27265625 0.796875 0.2140625 0.40625