1 0.165625 0.70390625 0.33125 0.55546875
1 0.2765625 0.484375 0.14296875 0.3109375
1 0.884375 0.77421875 0.225 0.45078125
0 0.39375 0.2171875 0.0765625 0.10078125
0 0.928125 0.08828125 0.14375 0.1765625
0 0.85546875 0.39296875 0.11015625 0.11953125
0 0.1546875 0.0890625 0.30546875 0.178125
0 0.31484375 0.19921875 0.11015625 0.11328125
0 0.565625 0.2640625 0.084375 0.0984375
0 0.728125 0.31875 0.0953125 0.12265625
1 0.70546875 0.5515625 0.15859375 0.29609375
1 0.53828125 0.51171875 0.15625 0.2921875