0 0.54296875 0.225 0.034375 0.04921875
0 0.13671875 0.1546875 0.0421875 0.04921875
0 0.4390625 0.21328125 0.0421875 0.04921875
0 0.91484375 0.17578125 0.04609375 0.06171875
1 0.12109375 0.45234375 0.13828125 0.31796875
0 0.646875 0.21171875 0.05 0.07109375
0 0.8640625 0.19765625 0.0796875 0.07421875
0 0.2640625 0.21484375 0.06796875 0.08359375
1 0.50703125 0.3796875 0.09765625 0.246875
0 0.496875 0.17109375 0.07421875 0.1015625
0 0.3359375 0.21796875 0.07578125 0.1078125
1 0.86328125 0.3953125 0.134375 0.240625
0 0.10625 0.20859375 0.08828125 0.1078125
1 0.64765625 0.375 0.08828125 0.20078125
1 0.33828125 0.43984375 0.16015625 0.29296875