0 0.90390625 0.5515625 0.0296875 0.053125
1 0.9609375 0.7 0.075 0.221875
0 0.94453125 0.5234375 0.0484375 0.0640625
1 0.71640625 0.66640625 0.0515625 0.20546875
0 0.98203125 0.5125 0.0359375 0.05859375
0 0.8015625 0.503125 0.075 0.08359375
0 0.6984375 0.50546875 0.046875 0.0609375
1 0.82265625 0.79296875 0.1109375 0.3640625
0 0.46484375 0.4609375 0.0328125 0.04453125
0 0.5453125 0.546875 0.05625 0.071875
0 0.634375 0.478125 0.0625 0.08359375
1 0.65078125 0.7359375 0.0921875 0.31640625
1 0.4546875 0.57890625 0.059375 0.14140625
1 0.546875 0.759375 0.103125 0.28046875