1 0.32578125 0.42890625 0.0453125 0.0625
0 0.240625 0.3515625 0.03828125 0.03359375
0 0.328125 0.3796875 0.03125 0.021875
1 0.22734375 0.39609375 0.0453125 0.06484375
0 0.59140625 0.48671875 0.03359375 0.02890625
0 0.396875 0.453125 0.04296875 0.03359375
0 0.66015625 0.50390625 0.040625 0.03359375
0 0.49140625 0.4828125 0.0453125 0.0359375
1 0.58046875 0.5625 0.06015625 0.09375
1 0.66484375 0.5828125 0.06015625 0.09609375
1 0.5015625 0.5640625 0.07421875 0.10625
1 0.396875 0.5421875 0.08203125 0.115625