0 0.671875 0.52734375 0.13359375 0.12109375
0 0.4296875 0.2828125 0.11484375 0.10234375
0 0.896875 0.52421875 0.103125 0.10234375
1 0.64375 0.2515625 0.08359375 0.10078125
0 0.840625 0.09296875 0.103125 0.0734375
0 0.196875 0.46640625 0.12265625 0.0796875
1 0.65390625 0.66875 0.1015625 0.1328125
1 0.2015625 0.63828125 0.12578125 0.16171875
1 0.4109375 0.40078125 0.090625 0.11484375
0 0.63515625 0.16015625 0.07109375 0.06875
1 0.12265625 0.184375 0.096875 0.1328125
0 0.1234375 0.04375 0.1015625 0.065625