1 0.70546875 0.36015625 0.053125 0.13671875
0 0.7125 0.253125 0.03984375 0.065625
1 0.3546875 0.2796875 0.053125 0.13125
1 0.56875 0.25625 0.053125 0.13125
0 0.34140625 0.17265625 0.046875 0.07109375
1 0.46953125 0.69609375 0.0703125 0.16640625
1 0.2171875 0.42578125 0.0734375 0.1609375
0 0.13046875 0.61640625 0.06015625 0.0890625
0 0.615625 0.38671875 0.046875 0.07109375
0 0.5703125 0.1515625 0.03671875 0.065625
0 0.259375 0.8484375 0.0765625 0.11328125
1 0.46953125 0.39296875 0.06328125 0.14296875
0 0.46953125 0.2890625 0.03671875 0.065625
0 0.20703125 0.3125 0.046875 0.065625
1 0.8140625 0.69609375 0.11015625 0.190625
0 0.4734375 0.57421875 0.05 0.0890625
0 0.8296875 0.565625 0.0734375 0.10703125