0 0.4625 0.16484375 0.0265625 0.07421875
0 0.19765625 0.1859375 0.046875 0.11171875
0 0.29765625 0.246875 0.034375 0.09296875
0 0.715625 0.16875 0.02890625 0.0671875
0 0.7375 0.2078125 0.034375 0.0859375
0 0.8015625 0.18828125 0.034375 0.09296875
0 0.3984375 0.1265625 0.03046875 0.071875
1 0.35703125 0.48515625 0.0640625 0.37421875
0 0.22734375 0.1625 0.03359375 0.09296875
0 0.15703125 0.10546875 0.03515625 0.0859375
0 0.83203125 0.13984375 0.0296875 0.07890625
0 0.35859375 0.18984375 0.0359375 0.0953125
0 0.6046875 0.17578125 0.03125 0.0671875
1 0.67109375 0.46640625 0.05859375 0.346875
1 0.60625 0.4328125 0.06171875 0.29296875
0 0.5578125 0.1375 0.0296875 0.08828125
0 0.31484375 0.13984375 0.034375 0.09296875
1 0.51796875 0.396875 0.06015625 0.309375
0 0.865625 0.15546875 0.0421875 0.09296875
0 0.26328125 0.16171875 0.03828125 0.0953125
0 0.51796875 0.1421875 0.0328125 0.08828125
0 0.67109375 0.20234375 0.03203125 0.08359375
0 0.66484375 0.09765625 0.02890625 0.06484375
1 0.190625 0.5359375 0.0859375 0.41171875
0 0.059375 0.14296875 0.053125 0.1140625
1 0.06171875 0.5375 0.1234375 0.490625
0 0.434375 0.16875 0.03125 0.090625
0 0.93671875 0.159375 0.04609375 0.1140625
0 0.12890625 0.1625 0.04609375 0.11640625
1 0.9421875 0.509375 0.10234375 0.3953125
1 0.30234375 0.5546875 0.07578125 0.35703125
1 0.434375 0.45 0.08203125 0.35390625
1 0.740625 0.4734375 0.0734375 0.33359375
1 0.85859375 0.4796875 0.06328125 0.40078125