1 0.19765625 0.459375 0.08671875 0.1
0 0.7046875 0.71171875 0.1 0.08671875
0 0.565625 0.33828125 0.06796875 0.059375
1 0.43671875 0.615625 0.17265625 0.259375
1 0.56171875 0.4296875 0.11328125 0.140625
1 0.3328125 0.48515625 0.10625 0.08984375
1 0.05 0.59765625 0.09921875 0.22890625
0 0.04296875 0.43515625 0.08515625 0.05859375
0 0.96484375 0.51953125 0.0484375 0.04140625
0 0.71484375 0.53046875 0.05859375 0.04375
0 0.3265625 0.40390625 0.0484375 0.02734375
0 0.19765625 0.37734375 0.05078125 0.0296875