0 0.8046875 0.0171875 0.01953125 0.0234375
0 0.371875 0.61953125 0.03671875 0.0484375
1 0.58125 0.82890625 0.07265625 0.15703125
0 0.6171875 0.7109375 0.0484375 0.06796875
1 0.49609375 0.79765625 0.0953125 0.2046875
1 0.22421875 0.6703125 0.1671875 0.303125
0 0.5078125 0.6609375 0.06171875 0.10703125
0 0.22265625 0.415625 0.09140625 0.1
0 0.64140625 0.775 0.040625 0.05234375
0 0.71953125 0.8109375 0.02734375 0.05625
0 0.81015625 0.84296875 0.03203125 0.0359375
0 0.765625 0.834375 0.02578125 0.03125