1 0.635156 0.693750 0.042188 0.078125
1 0.861719 0.721875 0.029687 0.043750
1 0.976562 0.722656 0.034375 0.051562
1 0.710938 0.511719 0.068750 0.098437
1 0.460938 0.548438 0.071875 0.134375
0 0.963281 0.676562 0.029687 0.034375
0 0.607812 0.706250 0.021875 0.043750
0 0.694531 0.687500 0.023438 0.034375
0 0.871875 0.665625 0.034375 0.034375
1 0.047656 0.360156 0.067187 0.139063
0 0.683594 0.445312 0.039062 0.046875
0 0.446094 0.456250 0.039062 0.046875
0 0.377344 0.638281 0.035937 0.035937
0 0.070312 0.267188 0.040625 0.053125
1 0.395313 0.722656 0.056250 0.110937
