0 0.308594 0.330469 0.010937 0.017188
0 0.438281 0.310937 0.014063 0.021875
0 0.205469 0.252344 0.014063 0.026562
0 0.489844 0.327344 0.010937 0.026562
1 0.306250 0.364063 0.018750 0.037500
0 0.172656 0.314844 0.014063 0.026562
1 0.435937 0.347656 0.021875 0.045312
0 0.475781 0.302344 0.014063 0.020313
0 0.811719 0.225781 0.017188 0.029687
0 0.542188 0.296875 0.012500 0.018750
1 0.474219 0.353125 0.023438 0.059375
1 0.407813 0.403906 0.028125 0.089063
0 0.579688 0.224219 0.018750 0.026562
0 0.407813 0.341406 0.018750 0.026562
0 0.563281 0.328906 0.017188 0.032813
0 0.489844 0.550000 0.060937 0.103125
0 0.492188 0.455469 0.037500 0.064062
1 0.350000 0.335156 0.021875 0.042188
1 0.813281 0.280469 0.035937 0.054688
