0 0.37734375 0.29453125 0.05390625 0.0453125
1 0.2421875 0.61171875 0.1203125 0.23203125
1 0.13203125 0.6640625 0.10390625 0.26171875
0 0.61796875 0.40234375 0.0640625 0.05859375
1 0.49609375 0.55859375 0.128125 0.2375
1 0.96015625 0.61484375 0.0796875 0.2265625
0 0.86171875 0.42265625 0.06015625 0.06171875
1 0.62421875 0.61484375 0.12421875 0.24296875
0 0.6546875 0.26015625 0.05 0.0453125
0 0.23984375 0.40546875 0.0640625 0.04765625
0 0.50703125 0.36640625 0.06171875 0.05625
0 0.3171875 0.190625 0.0578125 0.0453125
0 0.128125 0.45078125 0.06796875 0.06953125
0 0.3328125 0.4375 0.065625 0.053125
0 0.44375 0.21875 0.05625 0.04765625
0 0.975 0.425 0.05 0.05078125
0 0.0390625 0.46015625 0.0703125 0.06640625
1 0.846875 0.60390625 0.1296875 0.2
0 0.73203125 0.27578125 0.05625 0.0453125