0 0.14609375 0.25703125 0.0203125 0.02578125
0 0.2 0.83828125 0.09609375 0.115625
0 0.53125 0.38828125 0.03359375 0.0359375
0 0.7140625 0.23125 0.0171875 0.02578125
0 0.95703125 0.39296875 0.034375 0.05
0 0.19375 0.53125 0.06015625 0.0859375
0 0.8234375 0.32109375 0.0359375 0.0421875
0 0.98359375 0.40234375 0.0328125 0.0421875
0 0.47109375 0.35234375 0.03359375 0.03984375
0 0.35546875 0.58203125 0.08125 0.1
0 0.28515625 0.31328125 0.0296875 0.034375
0 0.790625 0.3109375 0.0296875 0.0421875
0 0.7234375 0.41796875 0.046875 0.05625