0 0.72578125 0.30625 0.071875 0.0453125
0 0.29296875 0.29921875 0.08203125 0.06484375
0 0.4828125 0.24765625 0.0625 0.03828125
0 0.225 0.28828125 0.07421875 0.0578125
0 0.59609375 0.25703125 0.071875 0.053125
0 0.75625 0.2546875 0.05546875 0.02890625
0 0.08984375 0.26171875 0.0890625 0.0625
0 0.43515625 0.2296875 0.053125 0.0359375
0 0.65 0.2328125 0.05078125 0.03828125
0 0.36796875 0.24765625 0.0671875 0.0578125
0 0.42890625 0.30625 0.07421875 0.05078125
0 0.6515625 0.34140625 0.10078125 0.0671875
0 0.28125 0.2296875 0.0625 0.0453125
0 0.91953125 0.4109375 0.12734375 0.08671875
0 0.17421875 0.384375 0.11796875 0.09140625
0 0.02734375 0.36640625 0.0546875 0.0984375
0 0.896875 0.3125 0.09609375 0.0671875
0 0.36171875 0.334375 0.0984375 0.0765625
0 0.5203125 0.321875 0.11328125 0.09609375
0 0.790625 0.41796875 0.1296875 0.10546875
0 0.36171875 0.04140625 0.1015625 0.06953125
0 0.3671875 0.1296875 0.08359375 0.06640625
0 0.52578125 0.05546875 0.12265625 0.10234375
0 0.65546875 0.0359375 0.1 0.0671875
0 0.89609375 0.0609375 0.10546875 0.06875
0 0.59609375 0.11484375 0.0703125 0.0640625
0 0.09375 0.1140625 0.10703125 0.059375
0 0.22265625 0.0875 0.075 0.0578125
0 0.28828125 0.07421875 0.0875 0.08359375
0 0.65625 0.1453125 0.0625 0.04609375