1 0.33203125 0.5515625 0.14921875 0.26015625
0 0.85078125 0.325 0.10078125 0.07734375
0 0.42578125 0.31171875 0.08671875 0.06484375
0 0.70703125 0.28671875 0.09140625 0.0625
1 0.4328125 0.4953125 0.14921875 0.23359375
0 0.21171875 0.2796875 0.10078125 0.08203125
0 0.58203125 0.32890625 0.09609375 0.06953125
0 0.33046875 0.34375 0.0984375 0.0796875
1 0.1921875 0.47734375 0.178125 0.25078125
1 0.5765625 0.51484375 0.14921875 0.21484375
1 0.7171875 0.48671875 0.15625 0.24609375
1 0.86796875 0.515625 0.14921875 0.2359375