1 0.56484375 0.590625 0.08203125 0.14921875
1 0.228125 0.5796875 0.1203125 0.24375
1 0.49375 0.56171875 0.084375 0.13515625
1 0.78515625 0.67109375 0.2140625 0.29140625
0 0.2140625 0.41484375 0.0625 0.0484375
0 0.43515625 0.4640625 0.0484375 0.040625
0 0.4859375 0.45078125 0.0625 0.0484375
0 0.55859375 0.46875 0.06484375 0.05078125
1 0.11875 0.559375 0.146875 0.1640625
0 0.13359375 0.42265625 0.0984375 0.06953125
0 0.76953125 0.44453125 0.134375 0.084375
0 0.63359375 0.42890625 0.0796875 0.0671875