1 0.97421875 0.47421875 0.021875 0.0390625
0 0.86640625 0.43515625 0.015625 0.015625
0 0.93359375 0.415625 0.01875 0.0171875
1 0.93359375 0.46640625 0.02890625 0.059375
0 0.43359375 0.38671875 0.0703125 0.06484375
0 0.55625 0.3765625 0.0734375 0.0609375
0 0.71953125 0.39765625 0.075 0.075
0 0.2921875 0.35625 0.0828125 0.06796875
1 0.55703125 0.61484375 0.1375 0.26796875
1 0.7234375 0.63828125 0.159375 0.2984375
1 0.28671875 0.6078125 0.14921875 0.28828125
1 0.4234375 0.61796875 0.1296875 0.271875