1 0.78125 0.42578125 0.0703125 0.1609375
1 0.29453125 0.36875 0.06015625 0.14296875
1 0.528125 0.69921875 0.0734375 0.1609375
0 0.6703125 0.42578125 0.04375 0.065625
0 0.87109375 0.61640625 0.06328125 0.0890625
0 0.53359375 0.2890625 0.04375 0.065625
1 0.1859375 0.69375 0.11015625 0.184375
0 0.79609375 0.3125 0.046875 0.065625
0 0.3859375 0.38671875 0.04375 0.07109375
0 0.4328125 0.1515625 0.03671875 0.065625
0 0.2859375 0.253125 0.04375 0.065625
0 0.16875 0.565625 0.0765625 0.10703125
0 0.5265625 0.58046875 0.05 0.0890625