0 0.1046875 0.03671875 0.05234375 0.0609375
0 0.54765625 0.18515625 0.065625 0.11484375
0 0.03125 0.61796875 0.0625 0.23046875
0 0.540625 0.9390625 0.15078125 0.12109375
0 0.340625 0.2125 0.065625 0.096875
0 0.17734375 0.19375 0.071875 0.109375
0 0.4671875 0.11484375 0.0625 0.08515625
1 0.28359375 0.92734375 0.25234375 0.1453125
0 0.7375 0.46953125 0.08515625 0.1515625
0 0.62109375 0.29375 0.08203125 0.11484375
0 0.7953125 0.21484375 0.08828125 0.11484375
0 0.2734375 0.6875 0.12109375 0.17578125
0 0.61171875 0.72734375 0.1015625 0.20625