0 0.18984375 0.51875 0.07578125 0.109375
0 0.60703125 0.29765625 0.0671875 0.07109375
1 0.70390625 0.58359375 0.1375 0.31875
0 0.2890625 0.30078125 0.06953125 0.08671875
0 0.471875 0.32421875 0.06484375 0.096875
0 0.7109375 0.3171875 0.06953125 0.09375
0 0.8703125 0.2578125 0.1984375 0.21015625
1 0.86171875 0.75234375 0.27578125 0.4953125
0 0.11953125 0.16484375 0.18984375 0.19375
1 0.29453125 0.57421875 0.1234375 0.32890625
1 0.46015625 0.553125 0.12578125 0.2875
1 0.11015625 0.703125 0.2203125 0.59296875