0 0.690625 0.31796875 0.05390625 0.08984375
1 0.3828125 0.5140625 0.07578125 0.19453125
1 0.78984375 0.503125 0.084375 0.26875
0 0.1796875 0.3625 0.03046875 0.05859375
0 0.88984375 0.29453125 0.04609375 0.065625
0 0.05234375 0.353125 0.03671875 0.0625
1 0.2953125 0.496875 0.07109375 0.17109375
1 0.671875 0.66953125 0.1421875 0.40390625
0 0.58125 0.32265625 0.04140625 0.0625
0 0.37890625 0.353125 0.04296875 0.0625
0 0.8453125 0.2921875 0.04921875 0.08125
0 0.78125 0.2875 0.0625 0.0796875
0 0.4546875 0.32734375 0.0390625 0.06015625
0 0.12890625 0.3390625 0.0859375 0.11875
0 0.96953125 0.3046875 0.0609375 0.1125
0 0.509375 0.340625 0.04609375 0.0703125
0 0.6390625 0.3421875 0.084375 0.12421875
0 0.28125 0.36171875 0.03984375 0.06875