1 0.38125 0.91328125 0.15625 0.16875
0 0.71640625 0.41328125 0.0625 0.05546875
0 0.5921875 0.5671875 0.15625 0.12734375
0 0.55859375 0.4484375 0.06484375 0.0578125
0 0.453125 0.44609375 0.06953125 0.0484375
0 0.415625 0.48203125 0.071875 0.0484375
1 0.83671875 0.91328125 0.125 0.16875
1 0.4078125 0.63515625 0.1421875 0.190625
1 0.26953125 0.640625 0.14453125 0.221875
0 0.821875 0.4578125 0.09609375 0.07265625
1 0.834375 0.63046875 0.14921875 0.21484375
0 0.74375 0.51484375 0.11328125 0.0890625
0 0.24296875 0.4640625 0.115625 0.09375
0 0.6140625 0.478125 0.1078125 0.0796875
0 0.646875 0.8953125 0.26953125 0.209375
0 0.13671875 0.52265625 0.2015625 0.13984375
0 0.96484375 0.5203125 0.06953125 0.1203125
0 0.6515625 0.67734375 0.27421875 0.2265625
1 0.15234375 0.7875 0.2875 0.2875
1 0.9609375 0.7328125 0.078125 0.184375