0 0.4 0.47734375 0.040625 0.0359375
1 0.2671875 0.4375 0.0578125 0.08203125
0 0.88359375 0.39765625 0.0359375 0.03125
0 0.41015625 0.37890625 0.03125 0.0359375
0 0.19375 0.36875 0.040625 0.03125
0 0.12734375 0.37265625 0.0484375 0.03828125
1 0.57109375 0.43359375 0.06953125 0.07421875
0 0.321875 0.375 0.03828125 0.03359375
1 0.78125 0.46875 0.08671875 0.1109375
0 0.5203125 0.43515625 0.0359375 0.03828125
1 0.46171875 0.4796875 0.0765625 0.1078125
0 0.0625 0.3578125 0.0625 0.0484375
0 0.271875 0.3703125 0.03828125 0.03359375
0 0.6296875 0.4 0.053125 0.0453125
1 0.88203125 0.48671875 0.08671875 0.1078125
0 0.43359375 0.396875 0.05078125 0.03828125
0 0.57421875 0.38125 0.03828125 0.040625
0 0.76171875 0.390625 0.053125 0.0453125
0 0.85234375 0.40390625 0.05078125 0.03828125
1 0.665625 0.47734375 0.09140625 0.11328125
1 0.071875 0.4859375 0.125 0.15390625