1 0.33359375 0.5890625 0.1171875 0.2828125
1 0.2109375 0.609375 0.1078125 0.2828125
0 0.6265625 0.45546875 0.05546875 0.06953125
0 0.1421875 0.34765625 0.05546875 0.0796875
0 0.2203125 0.365625 0.05546875 0.07109375
0 0.08046875 0.35546875 0.0546875 0.0796875
0 0.69453125 0.31015625 0.0421875 0.06484375
0 0.53203125 0.34921875 0.05 0.0828125
1 0.76875 0.6125 0.10390625 0.2953125
0 0.66640625 0.34609375 0.05234375 0.0765625
0 0.46171875 0.396875 0.05546875 0.0765625
0 0.98359375 0.340625 0.03203125 0.084375
0 0.87109375 0.35390625 0.0515625 0.07265625
0 0.27109375 0.31953125 0.0546875 0.07109375
0 0.33203125 0.35078125 0.05390625 0.0828125
0 0.7703125 0.36875 0.05546875 0.08125
1 0.87265625 0.584375 0.1140625 0.26328125
1 0.459375 0.64140625 0.10078125 0.2859375
0 0.571875 0.29921875 0.0515625 0.078125
0 0.93203125 0.31875 0.05859375 0.0765625
0 0.0140625 0.23515625 0.02734375 0.06953125
0 0.43515625 0.29140625 0.05390625 0.06796875
0 0.82109375 0.32265625 0.04765625 0.06796875
1 0.62890625 0.69453125 0.1015625 0.30625
1 0.5296875 0.55390625 0.0953125 0.2703125
1 0.08203125 0.6109375 0.1125 0.28984375
1 0.41640625 0.47421875 0.07265625 0.1828125
1 0.97109375 0.5671875 0.05703125 0.30625