1 0.79453125 0.49140625 0.0453125 0.0671875
0 0.490625 0.3984375 0.04296875 0.040625
1 0.28984375 0.47109375 0.0890625 0.0890625
0 0.7453125 0.440625 0.03359375 0.02890625
0 0.61171875 0.44375 0.05078125 0.053125
0 0.7921875 0.43984375 0.0359375 0.03125
0 0.4375 0.33984375 0.0765625 0.0625
1 0.4203125 0.46640625 0.09140625 0.17109375
0 0.91796875 0.26171875 0.1109375 0.0796875
0 0.3328125 0.421875 0.0453125 0.0484375
1 0.67578125 0.48203125 0.1203125 0.09140625
1 0.92421875 0.440625 0.1515625 0.26015625
0 0.9109375 0.07265625 0.14140625 0.109375
0 0.56171875 0.46796875 0.01640625 0.02734375