1 0.07421875 0.38359375 0.13515625 0.33984375
1 0.21875 0.39296875 0.16640625 0.38359375
0 0.0109375 0.12578125 0.021875 0.13828125
0 0.38515625 0.10078125 0.07890625 0.13828125
0 0.090625 0.04375 0.06875 0.0875
0 0.85390625 0.2546875 0.09765625 0.14453125
0 0.3109375 0.16328125 0.08203125 0.15078125
0 0.09765625 0.15703125 0.09453125 0.16328125
1 0.67890625 0.61640625 0.16953125 0.453125
0 0.26875 0.034375 0.059375 0.06875
0 0.2109375 0.12578125 0.08828125 0.15078125
0 0.7125 0.3078125 0.10390625 0.16328125
1 0.94296875 0.640625 0.1140625 0.503125
0 0.93671875 0.2828125 0.10703125 0.13828125