0 0.590625 0.13828125 0.01796875 0.02421875
0 0.640625 0.14921875 0.02109375 0.02421875
1 0.5140625 0.21015625 0.04140625 0.09453125
0 0.60625 0.1453125 0.02109375 0.02421875
1 0.6375 0.2046875 0.03359375 0.06484375
0 0.71640625 0.13984375 0.01953125 0.02421875
0 0.078125 0.13046875 0.03359375 0.03125
1 0.678125 0.20078125 0.03359375 0.07578125
0 0.01015625 0.14609375 0.0203125 0.0296875
1 0.47421875 0.20390625 0.0375 0.078125
1 0.0828125 0.225 0.059375 0.10546875
0 0.2546875 0.15 0.0265625 0.0296875
0 0.6171875 0.28203125 0.06796875 0.0984375
0 0.4578125 0.3 0.06796875 0.10390625
1 0.69375 0.359375 0.0984375 0.19609375
1 0.02421875 0.24140625 0.0484375 0.10546875
1 0.93203125 0.33515625 0.13359375 0.2515625
0 0.9359375 0.13203125 0.09453125 0.1015625
0 0.81171875 0.76953125 0.09375 0.109375
0 0.25625 0.59921875 0.07734375 0.109375
0 0.52734375 0.88046875 0.09765625 0.10546875
0 0.284375 0.70703125 0.09921875 0.08671875
0 0.63671875 0.80859375 0.0828125 0.0984375
0 0.6828125 0.6953125 0.05234375 0.109375
0 0.76171875 0.51796875 0.04375 0.08671875
0 0.3703125 0.4734375 0.09375 0.11640625
0 0.48125 0.65859375 0.071875 0.0796875
0 0.61171875 0.58046875 0.065625 0.0796875
0 0.159375 0.13984375 0.04375 0.0421875