0 0.11640625 0.39921875 0.03125 0.02890625
0 0.6 0.47578125 0.040625 0.03828125
0 0.678125 0.375 0.03359375 0.02890625
0 0.87109375 0.37265625 0.0453125 0.03359375
0 0.52265625 0.38125 0.0359375 0.03125
0 0.80625 0.37109375 0.040625 0.03125
1 0.43046875 0.43515625 0.0671875 0.0765625
0 0.9375 0.3578125 0.0578125 0.04296875
0 0.36875 0.39765625 0.06015625 0.0453125
0 0.59140625 0.37734375 0.03359375 0.03359375
0 0.4796875 0.4375 0.0359375 0.03828125
1 0.2171875 0.4703125 0.084375 0.11328125
1 0.540625 0.47578125 0.0765625 0.10546875
0 0.7296875 0.3703125 0.040625 0.03359375
0 0.4265625 0.38125 0.040625 0.0359375
0 0.240625 0.390625 0.0578125 0.0453125
0 0.56484375 0.3953125 0.0484375 0.0359375
0 0.14765625 0.40390625 0.0453125 0.03828125
1 0.12109375 0.48671875 0.084375 0.1078125
1 0.3328125 0.478125 0.09375 0.1109375
1 0.93046875 0.48828125 0.1203125 0.15859375