0 0.808594 0.357812 0.020313 0.040625
1 0.471875 0.338281 0.021875 0.054688
1 0.357031 0.404687 0.026562 0.078125
0 0.686719 0.409375 0.042188 0.078125
1 0.128125 0.321875 0.025000 0.084375
0 0.157031 0.269531 0.017188 0.029687
1 0.267188 0.371875 0.028125 0.075000
0 0.982812 0.159375 0.034375 0.068750
0 0.276562 0.314844 0.015625 0.026562
0 0.061719 0.307031 0.017188 0.023438
0 0.135156 0.253125 0.017188 0.031250
1 0.060156 0.350000 0.020313 0.050000
0 0.832812 0.362500 0.025000 0.053125
0 0.515625 0.385156 0.025000 0.048438
0 0.353906 0.334375 0.020313 0.025000
1 0.157031 0.332813 0.026562 0.084375
1 0.910937 0.804688 0.165625 0.378125
0 0.901563 0.465625 0.090625 0.150000
0 0.614844 0.446875 0.123438 0.206250
0 0.104688 0.606250 0.206250 0.409375
1 0.399219 0.334375 0.029687 0.053125
1 0.212500 0.367188 0.028125 0.062500
1 0.187500 0.371094 0.025000 0.067187
1 0.095312 0.334375 0.015625 0.040625
