0 0.4296875 0.45859375 0.0203125 0.02109375
0 0.6953125 0.453125 0.02578125 0.0265625
0 0.7578125 0.4734375 0.0359375 0.03984375
0 0.221875 0.45234375 0.03203125 0.034375
0 0.828125 0.49765625 0.03984375 0.03984375
0 0.53828125 0.46015625 0.028125 0.034375
0 0.18828125 0.475 0.03984375 0.04765625
0 0.725 0.45625 0.03828125 0.04296875
0 0.79609375 0.4640625 0.03203125 0.03203125
0 0.12734375 0.44375 0.0421875 0.0453125
0 0.41015625 0.471875 0.03203125 0.04296875
0 0.4890625 0.46796875 0.034375 0.05078125
0 0.6296875 0.48125 0.04375 0.05078125
0 0.565625 0.4453125 0.0359375 0.0375