0 0.88671875 0.6 0.08828125 0.18203125
0 0.965625 0.60625 0.06875 0.21796875
0 0.45546875 0.18515625 0.071875 0.11484375
0 0.528125 0.11484375 0.065625 0.08515625
0 0.4609375 0.9390625 0.140625 0.12109375
1 0.71484375 0.92421875 0.26875 0.1515625
0 0.82265625 0.19375 0.071875 0.109375
0 0.659375 0.2125 0.071875 0.109375
0 0.203125 0.21484375 0.0921875 0.11484375
0 0.2625 0.46640625 0.08515625 0.1578125
0 0.37734375 0.29375 0.08515625 0.11484375
0 0.7265625 0.690625 0.128125 0.18203125
0 0.38671875 0.72734375 0.1046875 0.21796875