1 0.37890625 0.234375 0.03046875 0.07421875
0 0.41484375 0.946875 0.028125 0.028125
1 0.10546875 0.72734375 0.0546875 0.078125
1 0.44453125 0.4796875 0.05078125 0.0796875
1 0.3078125 0.7859375 0.0421875 0.08984375
1 0.37421875 0.69453125 0.05 0.10703125
0 0.37890625 0.1796875 0.02578125 0.034375
0 0.3671875 0.51953125 0.021875 0.0359375
0 0.39296875 0.634375 0.02890625 0.03984375
0 0.11640625 0.6734375 0.028125 0.0265625
0 0.303125 0.71875 0.03125 0.034375
0 0.45625 0.4234375 0.028125 0.03828125