0 0.69296875 0.2703125 0.065625 0.0671875
0 0.596875 0.190625 0.0734375 0.06171875
0 0.4015625 0.25 0.09296875 0.09765625
0 0.62578125 0.55390625 0.1 0.0875
0 0.7453125 0.23203125 0.07734375 0.071875
0 0.60390625 0.2859375 0.096875 0.07734375
0 0.78359375 0.17265625 0.06953125 0.0671875
0 0.490625 0.23984375 0.08515625 0.11875
0 0.70625 0.67265625 0.1 0.09765625
0 0.90703125 0.55390625 0.1 0.09765625
0 0.221875 0.24765625 0.096875 0.09296875
0 0.853125 0.64453125 0.1078125 0.103125
0 0.95390625 0.19296875 0.08515625 0.07734375
0 0.30703125 0.559375 0.096875 0.09765625
0 0.56015625 0.69296875 0.1234375 0.10859375
0 0.8375 0.26015625 0.09296875 0.09765625
0 0.38984375 0.634375 0.1078125 0.103125
0 0.2140625 0.62109375 0.13515625 0.11875