1 0.1203125 0.63515625 0.03828125 0.05546875
0 0.1140625 0.58671875 0.0265625 0.03125
0 0.05546875 0.60703125 0.02890625 0.02890625
1 0.1609375 0.63359375 0.0578125 0.07734375
0 0.08203125 0.59140625 0.02890625 0.0265625
1 0.321875 0.915625 0.10078125 0.14921875
0 0.14453125 0.58671875 0.03359375 0.040625
1 0.24765625 0.92734375 0.08671875 0.09609375
0 0.44609375 0.45546875 0.103125 0.08671875
1 0.2359375 0.621875 0.0765625 0.09140625
0 0.2984375 0.53046875 0.0765625 0.07734375
0 0.796875 0.35390625 0.1703125 0.1203125
0 0.20078125 0.56484375 0.05546875 0.06015625
1 0.8125 0.58515625 0.259375 0.26015625
1 0.31875 0.6359375 0.1078125 0.15390625
1 0.46875 0.90859375 0.15859375 0.178125
1 0.47265625 0.62890625 0.1609375 0.23125