0 0.38046875 0.0734375 0.0546875 0.1296875
1 0.05859375 0.45703125 0.0984375 0.34453125
1 0.771875 0.465625 0.0484375 0.29296875
0 0.62734375 0.125 0.06640625 0.18125
1 0.228125 0.771875 0.07109375 0.42265625
0 0.86015625 0.31015625 0.03203125 0.103125
0 0.7765625 0.2328125 0.034375 0.103125
0 0.19296875 0.465625 0.04609375 0.13828125
0 0.72265625 0.18515625 0.03671875 0.11171875
0 0.8546875 0.215625 0.0203125 0.06875
0 0.31328125 0.1078125 0.0390625 0.11171875
0 0.24453125 0.103125 0.0296875 0.103125
1 0.8953125 0.5734375 0.08046875 0.3703125
0 0.13203125 0.340625 0.034375 0.1640625
0 0.4796875 0.0515625 0.05078125 0.103125