0 0.1671875 0.36328125 0.02109375 0.0546875
0 0.84453125 0.26953125 0.015625 0.025
1 0.93984375 0.353125 0.02109375 0.05703125
1 0.81484375 0.3625 0.02265625 0.0796875
0 0.1921875 0.35546875 0.02265625 0.03828125
1 0.84375 0.33203125 0.02578125 0.08671875
0 0.484375 0.384375 0.0234375 0.0453125
0 0.940625 0.30703125 0.0140625 0.02265625
0 0.6453125 0.334375 0.0203125 0.02734375
0 0.86484375 0.25234375 0.01875 0.02734375
0 0.015625 0.159375 0.03125 0.065625
0 0.3125 0.415625 0.04296875 0.08203125
1 0.08671875 0.80078125 0.16484375 0.3796875
0 0.89609375 0.6046875 0.20703125 0.4046875
0 0.09609375 0.4671875 0.09140625 0.15234375
0 0.38671875 0.44765625 0.121875 0.21328125