0 0.1484375 0.34375 0.05234375 0.0484375
0 0.45234375 0.303125 0.04140625 0.0375
0 0.59765625 0.403125 0.0703125 0.08203125
0 0.828125 0.3265625 0.0328125 0.03515625
0 0.6609375 0.32421875 0.0328125 0.03359375
0 0.8953125 0.40625 0.0765625 0.06640625
0 0.75078125 0.41484375 0.07421875 0.06796875
1 0.65703125 0.39453125 0.0484375 0.084375
1 0.88515625 0.571875 0.12109375 0.2
1 0.96875 0.5203125 0.06171875 0.20703125
0 0.2625 0.3765625 0.059375 0.06171875
0 0.965625 0.3546875 0.06640625 0.06640625
0 0.10390625 0.36953125 0.065625 0.07890625
1 0.740625 0.57578125 0.109375 0.1921875
0 0.41953125 0.38828125 0.065625 0.06953125
1 0.11796875 0.51875 0.11015625 0.19375
1 0.59296875 0.5671875 0.125 0.21328125
1 0.42890625 0.53984375 0.10390625 0.190625
1 0.2671875 0.54453125 0.11015625 0.196875