0 0.128125 0.45234375 0.05 0.08359375
1 0.2203125 0.66953125 0.08671875 0.19609375
1 0.71171875 0.5296875 0.05703125 0.17890625
0 0.375 0.3421875 0.05703125 0.07734375
1 0.88203125 0.57421875 0.08984375 0.184375
0 0.71328125 0.39609375 0.03984375 0.05390625
0 0.18984375 0.5265625 0.053125 0.07734375
1 0.76640625 0.5265625 0.046875 0.13671875
0 0.61796875 0.36640625 0.0703125 0.1015625
0 0.471875 0.32734375 0.05703125 0.08359375
0 0.8453125 0.4078125 0.0234375 0.0296875
0 0.76640625 0.41640625 0.03359375 0.04765625
0 0.24140625 0.35703125 0.04296875 0.059375
0 0.30703125 0.36015625 0.03984375 0.065625