0 0.43984375 0.45234375 0.03671875 0.0375
1 0.38984375 0.41484375 0.06171875 0.1390625
1 0.665625 0.54375 0.0875 0.1234375
0 0.1234375 0.3171875 0.03828125 0.04140625
0 0.54375 0.28125 0.04921875 0.0453125
1 0.1234375 0.42109375 0.06640625 0.1296875
0 0.8234375 0.28046875 0.05234375 0.04296875
0 0.06640625 0.3171875 0.0421875 0.0375
0 0.76015625 0.26171875 0.04375 0.0390625
1 0.74921875 0.3828125 0.08046875 0.13125
1 0.621875 0.3703125 0.06171875 0.10703125
0 0.390625 0.3078125 0.0296875 0.0296875
0 0.30546875 0.28515625 0.0421875 0.04140625
1 0.05390625 0.43125 0.08046875 0.14609375
1 0.54453125 0.40234375 0.07578125 0.14453125
1 0.83125 0.41171875 0.0734375 0.159375
1 0.9078125 0.3953125 0.0859375 0.15234375
0 0.89921875 0.27109375 0.04375 0.04296875
0 0.6734375 0.4375 0.0453125 0.0453125