0 0.25234375 0.221875 0.11171875 0.07578125
0 0.6078125 0.2578125 0.14375 0.1078125
0 0.73984375 0.284375 0.16015625 0.10390625
0 0.40390625 0.23203125 0.08828125 0.0640625
0 0.215625 0.278125 0.09609375 0.07578125
0 0.2 0.6796875 0.14375 0.09609375
0 0.0921875 0.17421875 0.09609375 0.06015625
0 0.30625 0.5578125 0.12421875 0.0921875
0 0.4859375 0.24609375 0.1078125 0.115625
0 0.3359375 0.284375 0.11171875 0.071875
1 0.8640625 0.865625 0.25625 0.26796875
0 0.1421875 0.234375 0.1078125 0.07578125
0 0.83984375 0.24765625 0.128125 0.08828125
0 0.728125 0.5578125 0.1359375 0.0921875
0 0.61171875 0.63828125 0.15234375 0.1078125
0 0.3921875 0.69609375 0.16015625 0.11171875
0 0.03984375 0.64609375 0.0796875 0.1
0 0.03984375 0.265625 0.0796875 0.0921875
0 0.85625 0.62421875 0.17578125 0.1203125