0 0.225 0.27109375 0.06484375 0.06015625
0 0.41484375 0.40859375 0.0453125 0.040625
0 0.0875 0.28828125 0.0453125 0.04609375
0 0.18359375 0.284375 0.084375 0.07265625
0 0.44375 0.59609375 0.06015625 0.0796875
0 0.75703125 0.30234375 0.071875 0.06953125
1 0.14453125 0.4265625 0.1296875 0.20234375
0 0.33984375 0.259375 0.103125 0.0796875
1 0.5609375 0.4484375 0.0984375 0.115625
1 0.85703125 0.5046875 0.2234375 0.28203125
0 0.85078125 0.284375 0.134375 0.10625
0 0.48046875 0.41328125 0.0484375 0.05078125
1 0.56484375 0.609375 0.1875 0.10625
1 0.31953125 0.42890625 0.14921875 0.21171875