0 0.47109375 0.371875 0.0765625 0.065625
1 0.74921875 0.5953125 0.1234375 0.30625
0 0.06875 0.36875 0.07265625 0.09296875
1 0.1234375 0.66953125 0.15234375 0.35546875
0 0.34375 0.3578125 0.0765625 0.07109375
0 0.2328125 0.36328125 0.0796875 0.07109375
0 0.64921875 0.3359375 0.0765625 0.08203125
0 0.12734375 0.37734375 0.09453125 0.0984375
1 0.48359375 0.66640625 0.16015625 0.3390625
0 0.91796875 0.2921875 0.1125 0.11484375
0 0.77421875 0.32265625 0.09453125 0.0875
1 0.90546875 0.584375 0.1890625 0.3390625