1 0.665625 0.5421875 0.125 0.240625
0 0.14765625 0.32421875 0.0984375 0.075
1 0.56640625 0.490625 0.13671875 0.21484375
0 0.57578125 0.309375 0.0796875 0.05546875
0 0.28984375 0.284375 0.084375 0.0625
0 0.66796875 0.33984375 0.09140625 0.0671875
0 0.41484375 0.32734375 0.0890625 0.0671875
0 0.78828125 0.27578125 0.09140625 0.06953125
1 0.2875 0.48515625 0.1515625 0.23359375
1 0.134375 0.5171875 0.14921875 0.23359375
1 0.41796875 0.5109375 0.1390625 0.21171875
1 0.8078125 0.4734375 0.1828125 0.24375