0 0.984375 0.33984375 0.02890625 0.08984375
1 0.2296875 0.5453125 0.04921875 0.3203125
0 0.7328125 0.0421875 0.159375 0.084375
1 0.08125 0.59609375 0.0703125 0.2828125
0 0.08203125 0.3984375 0.0375 0.0921875
0 0.2421875 0.29765625 0.04921875 0.11015625
1 0.29609375 0.68359375 0.09375 0.3671875
1 0.15078125 0.60859375 0.0828125 0.2921875
0 0.5171875 0.5609375 0.0546875 0.10234375
1 0.49921875 0.82734375 0.09921875 0.33515625
1 0.98046875 0.50859375 0.0390625 0.22265625
1 0.70234375 0.66015625 0.3109375 0.6796875