0 0.328906 0.786719 0.170313 0.289062
0 0.970313 0.488281 0.056250 0.279687
0 0.845313 0.157812 0.162500 0.303125
0 0.682031 0.737500 0.170313 0.275000
0 0.961719 0.177344 0.076563 0.307812
0 0.318750 0.153125 0.153125 0.287500
0 0.329688 0.478906 0.168750 0.292187
0 0.146875 0.146875 0.156250 0.281250
1 0.961719 0.174219 0.076563 0.307812
0 0.468750 0.201563 0.156250 0.281250
0 0.682813 0.493750 0.171875 0.275000
0 0.850000 0.488281 0.159375 0.285938
0 0.502344 0.824219 0.176563 0.320312
0 0.500000 0.492188 0.165625 0.287500
0 0.144531 0.477344 0.139063 0.276562
0 0.143750 0.804688 0.175000 0.281250
0 0.646094 0.180469 0.157812 0.273438
0 0.866406 0.800781 0.185938 0.282813
