0 0.17421875 0.37109375 0.040625 0.03359375
0 0.24765625 0.36171875 0.04296875 0.03359375
0 0.4484375 0.34921875 0.0453125 0.03828125
1 0.36640625 0.46171875 0.05546875 0.10390625
0 0.7140625 0.30859375 0.0578125 0.0484375
0 0.37265625 0.3828125 0.04296875 0.03359375
1 0.1734375 0.45078125 0.0671875 0.09609375
1 0.24375 0.43828125 0.05546875 0.09609375
0 0.56640625 0.33515625 0.05078125 0.03828125
1 0.7234375 0.409375 0.09140625 0.13984375
1 0.56640625 0.42421875 0.07421875 0.1109375
1 0.44453125 0.4328125 0.0765625 0.10859375