1 0.446875 0.5375 0.04609375 0.09453125
1 0.76875 0.5015625 0.08984375 0.15625
0 0.83203125 0.41875 0.05234375 0.05625
0 0.5390625 0.46640625 0.02578125 0.02734375
0 0.22578125 0.4484375 0.028125 0.0296875
0 0.17109375 0.46328125 0.02578125 0.03203125
0 0.4546875 0.45859375 0.03828125 0.0375
0 0.1953125 0.45859375 0.02578125 0.03203125
1 0.671875 0.478125 0.071875 0.1484375
0 0.790625 0.384375 0.065625 0.06171875
0 0.9203125 0.43125 0.05625 0.0484375
0 0.503125 0.42734375 0.05390625 0.0515625
0 0.6828125 0.36015625 0.05 0.0515625