1 0.95 0.70078125 0.09375 0.24375
0 0.52890625 0.58515625 0.05703125 0.0921875
0 0.73046875 0.0625 0.0875 0.125
1 0.84765625 0.38828125 0.15390625 0.23671875
1 0.5453125 0.8421875 0.10234375 0.30234375
1 0.70625 0.32890625 0.14765625 0.32890625
0 0.44609375 0.0625 0.10859375 0.125
0 0.4234375 0.54921875 0.06953125 0.08515625
0 0.81328125 0.11171875 0.10234375 0.17109375
0 0.90390625 0.58203125 0.06015625 0.13828125
1 0.45625 0.36484375 0.165625 0.26953125
0 0.16875 0.1609375 0.13828125 0.29609375
1 0.14453125 0.55234375 0.22265625 0.5