0 0.39609375 0.41640625 0.03828125 0.04765625
0 0.45703125 0.43359375 0.03671875 0.05234375
0 0.4828125 0.42109375 0.03828125 0.04765625
1 0.4828125 0.5234375 0.0484375 0.1171875
0 0.01015625 0.45 0.0203125 0.03515625
0 0.60390625 0.3234375 0.06171875 0.07265625
0 0.80234375 0.39765625 0.03828125 0.03984375
0 0.22578125 0.2890625 0.075 0.0828125
0 0.9609375 0.38984375 0.03828125 0.0453125
1 0.8484375 0.49609375 0.06640625 0.1328125
1 0.7203125 0.5125 0.0765625 0.15
0 0.8421875 0.38125 0.03828125 0.0421875
1 0.96953125 0.49609375 0.0609375 0.1328125
0 0.71015625 0.3921875 0.046875 0.0546875
1 0.80703125 0.53125 0.07109375 0.184375
1 0.409375 0.53125 0.06796875 0.140625
1 0.459375 0.525 0.06796875 0.14453125
1 0.528125 0.5234375 0.05 0.13046875
1 0.01953125 0.55 0.0390625 0.13046875
0 0.55 0.41796875 0.03671875 0.05546875
0 0.359375 0.4546875 0.03203125 0.059375
0 0.3234375 0.38515625 0.084375 0.12109375
0 0.121875 0.365625 0.065625 0.09609375
0 0.26640625 0.428125 0.03359375 0.05546875
0 0.68359375 0.609375 0.078125 0.059375