0 0.18671875 0.41640625 0.0265625 0.04765625
0 0.6234375 0.3453125 0.06015625 0.08359375
1 0.11484375 0.58046875 0.08359375 0.17265625
1 0.23515625 0.51796875 0.04296875 0.13125
1 0.28984375 0.5296875 0.06640625 0.190625
0 0.69296875 0.36015625 0.046875 0.065625
0 0.28828125 0.3984375 0.04296875 0.059375
0 0.76015625 0.35703125 0.03984375 0.059375
0 0.1546875 0.4078125 0.0234375 0.04140625
0 0.81015625 0.5234375 0.046875 0.07109375
1 0.775 0.6640625 0.0703125 0.19609375
0 0.5296875 0.33046875 0.06015625 0.0890625
0 0.23359375 0.4140625 0.03359375 0.05390625
0 0.38203125 0.36640625 0.08359375 0.125