0 0.40546875 0.19609375 0.08515625 0.071875
0 0.33359375 0.221875 0.0890625 0.09296875
0 0.21640625 0.17265625 0.07734375 0.0671875
0 0.37265625 0.54921875 0.096875 0.09765625
0 0.590625 0.25234375 0.09296875 0.11328125
0 0.246875 0.23203125 0.08515625 0.0828125
0 0.04609375 0.19765625 0.0921875 0.0984375
0 0.08671875 0.5515625 0.10390625 0.103125
0 0.29765625 0.675 0.1 0.09296875
0 0.4 0.2859375 0.0890625 0.07734375
0 0.5078125 0.2421875 0.0890625 0.1234375
0 0.60625 0.63671875 0.115625 0.10859375
0 0.77421875 0.25 0.10390625 0.09765625
0 0.6890625 0.55703125 0.096875 0.103125
0 0.14453125 0.6390625 0.10390625 0.09296875
0 0.1625 0.26796875 0.1 0.103125
0 0.43984375 0.69609375 0.115625 0.11328125
0 0.7875 0.6234375 0.1390625 0.1234375