0 0.44609375 0.4125 0.0265625 0.0265625
0 0.41328125 0.4046875 0.02421875 0.0265625
0 0.8578125 0.48203125 0.03828125 0.03125
0 0.91015625 0.475 0.040625 0.0359375
0 0.24375 0.48203125 0.0359375 0.0359375
1 0.4125 0.44453125 0.06015625 0.0671875
0 0.4671875 0.3953125 0.0359375 0.03125
1 0.47265625 0.44921875 0.05546875 0.071875
0 0.2046875 0.4578125 0.04296875 0.0359375
1 0.353125 0.54453125 0.08203125 0.0984375
0 0.6078125 0.446875 0.03828125 0.02890625
1 0.61875 0.509375 0.06015625 0.10078125
0 0.3453125 0.48828125 0.0359375 0.03359375
1 0.5375 0.53515625 0.0890625 0.11328125
0 0.540625 0.4578125 0.0484375 0.040625