0 0.88125 0.840625 0.040625 0.03828125
0 0.89296875 0.80703125 0.0359375 0.03359375
1 0.80546875 0.909375 0.0578125 0.09375
1 0.8921875 0.90859375 0.053125 0.08203125
1 0.6296875 0.27578125 0.0625 0.0796875
0 0.47109375 0.24453125 0.03828125 0.040625
0 0.80546875 0.80703125 0.03359375 0.03359375
0 0.8171875 0.8421875 0.03828125 0.0359375
0 0.64921875 0.2203125 0.04296875 0.0359375
1 0.5609375 0.2671875 0.06015625 0.08671875
1 0.953125 0.8984375 0.06484375 0.09609375
0 0.584375 0.2046875 0.04296875 0.03828125
0 0.75390625 0.8328125 0.040625 0.0359375
1 0.7453125 0.8984375 0.0625 0.09609375
0 0.9421875 0.83125 0.03828125 0.03828125