0 0.96328125 0.03984375 0.07265625 0.0796875
0 0.55 0.13984375 0.11171875 0.1015625
0 0.071875 0.2515625 0.1328125 0.146875
0 0.69609375 0.21484375 0.1203125 0.1203125
0 0.4078125 0.21171875 0.0875 0.125
0 0.21640625 0.26953125 0.12109375 0.13984375
0 0.78203125 0.08671875 0.10390625 0.115625
0 0.1625 0.12890625 0.10859375 0.10859375
0 0.89921875 0.13359375 0.10390625 0.11328125
0 0.40234375 0.05625 0.09296875 0.0890625
0 0.62421875 0.04375 0.10546875 0.08671875
0 0.31875 0.18671875 0.11171875 0.1515625