0 0.58828125 0.53828125 0.04375 0.07265625
0 0.559375 0.5171875 0.034375 0.05859375
0 0.71796875 0.8703125 0.25234375 0.259375
0 0.896875 0.51875 0.03828125 0.05546875
0 0.63203125 0.58828125 0.05625 0.096875
0 0.17578125 0.63125 0.1078125 0.15546875
0 0.79609375 0.503125 0.03984375 0.05859375
0 0.259375 0.50703125 0.04609375 0.05859375
0 0.55703125 0.6 0.07421875 0.1
1 0.35 0.83359375 0.13984375 0.3046875
0 0.4671875 0.55390625 0.0578125 0.0828125
0 0.709375 0.55390625 0.05 0.07578125
0 0.35703125 0.5828125 0.0703125 0.08671875
1 0.54765625 0.853125 0.13984375 0.29375