0 0.2203125 0.16328125 0.03203125 0.03984375
0 0.97109375 0.2265625 0.02890625 0.03359375
1 0.8546875 0.37421875 0.06953125 0.18046875
0 0.2515625 0.128125 0.0375 0.053125
1 0.090625 0.28828125 0.084375 0.16953125
0 0.28671875 0.134375 0.0453125 0.0515625
0 0.97890625 0.2796875 0.03984375 0.0484375
0 0.01328125 0.3734375 0.0265625 0.0625
1 0.76796875 0.37734375 0.0828125 0.21640625
0 0.77578125 0.20390625 0.05 0.059375
0 0.92421875 0.23203125 0.0375 0.040625
0 0.61640625 0.15546875 0.0484375 0.09140625
0 0.85546875 0.23359375 0.046875 0.04453125
0 0.17265625 0.1609375 0.05625 0.0640625
0 0.41640625 0.11953125 0.06328125 0.065625
0 0.07265625 0.15546875 0.04140625 0.05703125
1 0.0484375 0.57265625 0.096875 0.2546875
1 0.9875 0.409375 0.025 0.2359375
1 0.915625 0.36171875 0.06875 0.1796875
1 0.96015625 0.30390625 0.02734375 0.1015625
0 0.64296875 0.17890625 0.071875 0.121875
0 0.2140625 0.56484375 0.0609375 0.09921875