0 0.88203125 0.24140625 0.06328125 0.0890625
0 0.40703125 0.184375 0.06640625 0.0953125
1 0.125 0.4671875 0.15 0.24375
0 0.5734375 0.58046875 0.0734375 0.11328125
0 0.1765625 0.1515625 0.0796875 0.13671875
0 0.9484375 0.06875 0.08984375 0.125
0 0.7 0.0859375 0.0734375 0.1015625
0 0.2484375 0.2140625 0.08359375 0.10703125
0 0.65 0.5921875 0.0734375 0.125
0 0.03359375 0.23203125 0.06640625 0.16640625
0 0.328125 0.32734375 0.08984375 0.14296875
0 0.5046875 0.05390625 0.0703125 0.0953125
0 0.946875 0.6484375 0.0796875 0.11875
0 0.6046875 0.0359375 0.0765625 0.07109375
0 0.246875 0.625 0.1 0.1546875
0 0.3234375 0.11328125 0.0796875 0.10703125
0 0.43203125 0.4109375 0.08359375 0.11875
0 0.4296875 0.559375 0.09296875 0.1546875
0 0.7234375 0.4375 0.06640625 0.0890625
0 0.7453125 0.7109375 0.08359375 0.13671875
0 0.13359375 0.253125 0.09296875 0.1484375
0 0.83671875 0.54140625 0.0796875 0.11875
0 0.63203125 0.35703125 0.0703125 0.11875