1 0.5953125 0.39296875 0.12265625 0.33359375
1 0.23671875 0.425 0.12578125 0.35
1 0.05078125 0.41796875 0.1015625 0.35
0 0.39609375 0.128125 0.06953125 0.11640625
0 0.60703125 0.1453125 0.06328125 0.11640625
0 0.7140625 0.13671875 0.07265625 0.1203125
0 0.0515625 0.153125 0.0609375 0.10703125
0 0.23515625 0.1515625 0.06484375 0.13671875
0 0.87890625 0.0765625 0.0609375 0.09296875
1 0.72734375 0.41484375 0.109375 0.38984375
1 0.40546875 0.38984375 0.12421875 0.36640625
1 0.8921875 0.34296875 0.13203125 0.33984375