0 0.34140625 0.4171875 0.04296875 0.03125
0 0.06015625 0.43984375 0.03359375 0.02421875
0 0.48203125 0.4015625 0.040625 0.03359375
0 0.584375 0.42578125 0.0578125 0.03828125
0 0.52890625 0.390625 0.0484375 0.0359375
1 0.2703125 0.5203125 0.084375 0.11328125
0 0.2703125 0.4109375 0.06484375 0.03828125
0 0.6765625 0.3421875 0.0796875 0.05546875
0 0.125 0.4203125 0.0578125 0.04296875
0 0.396875 0.3921875 0.053125 0.04296875
1 0.58671875 0.5453125 0.10546875 0.1296875
0 0.759375 0.396875 0.08203125 0.0625
1 0.40625 0.5171875 0.09140625 0.134375
1 0.13125 0.53515625 0.09375 0.13671875
1 0.74375 0.55546875 0.13203125 0.1875