1 0.28984375 0.5328125 0.05078125 0.09921875
0 0.153125 0.4703125 0.01171875 0.01484375
0 0.50078125 0.44765625 0.03125 0.03984375
1 0.4359375 0.58359375 0.09296875 0.3265625
1 0.06484375 0.56484375 0.07890625 0.1171875
0 0.50625 0.40859375 0.025 0.03203125
0 0.33359375 0.43671875 0.02421875 0.03359375
0 0.53515625 0.3875 0.03125 0.0421875
0 0.0578125 0.4421875 0.0671875 0.05546875
0 0.409375 0.3078125 0.09453125 0.096875
1 0.709375 0.63515625 0.17265625 0.43359375
0 0.66484375 0.29921875 0.10546875 0.13046875
1 0.1515625 0.51015625 0.02421875 0.05390625
1 0.3296875 0.50234375 0.040625 0.0640625
1 0.91328125 0.7359375 0.1734375 0.52265625
1 0.54609375 0.484375 0.0734375 0.1203125
1 0.53046875 0.52890625 0.0703125 0.115625
1 0.3734375 0.484375 0.0375 0.0734375