0 0.54921875 0.13671875 0.10625 0.1046875
0 0.96484375 0.03515625 0.0703125 0.0703125
0 0.4078125 0.2125 0.08828125 0.128125
0 0.69609375 0.2125 0.1203125 0.121875
0 0.07109375 0.253125 0.134375 0.1484375
0 0.40234375 0.05234375 0.0921875 0.09140625
0 0.21796875 0.2703125 0.12421875 0.1421875
0 0.62734375 0.0421875 0.10625 0.084375
0 0.3171875 0.1875 0.11015625 0.15234375
0 0.90078125 0.1296875 0.10625 0.11796875
0 0.16328125 0.128125 0.11015625 0.1078125
0 0.78203125 0.084375 0.10390625 0.121875