1 0.6046875 0.31640625 0.034375 0.08515625
0 0.225 0.225 0.025 0.021875
0 0.60078125 0.24296875 0.0234375 0.0265625
0 0.3546875 0.26484375 0.03125 0.03046875
0 0.26953125 0.2328125 0.0296875 0.0375
0 0.403125 0.2265625 0.025 0.028125
1 0.09453125 0.40390625 0.1609375 0.225
0 0.74921875 0.215625 0.0421875 0.04140625
1 0.28203125 0.4390625 0.1546875 0.28671875
0 0.3125 0.2015625 0.071875 0.0703125
0 0.05 0.2046875 0.08125 0.08125
0 0.5125 0.12265625 0.0625 0.05703125
0 0.80234375 0.2359375 0.0734375 0.0703125
1 0.79296875 0.43359375 0.1390625 0.2359375
1 0.51640625 0.3328125 0.1390625 0.25390625