0 0.80859375 0.3671875 0.0140625 0.0140625
1 0.24921875 0.46171875 0.03046875 0.06328125
1 0.609375 0.21171875 0.025 0.04765625
0 0.30078125 0.46953125 0.01796875 0.0234375
0 0.81328125 0.31640625 0.01796875 0.0203125
1 0.81328125 0.4078125 0.02109375 0.053125
0 0.76015625 0.28203125 0.01484375 0.01640625
0 0.8546875 0.89609375 0.01328125 0.01796875
0 0.746875 0.434375 0.015625 0.01953125
1 0.53515625 0.68359375 0.03046875 0.059375
1 0.2671875 0.55546875 0.04765625 0.0703125
0 0.2484375 0.3734375 0.0203125 0.02421875
0 0.171875 0.17734375 0.0203125 0.025
0 0.86875 0.65546875 0.021875 0.02421875
1 0.7671875 0.31796875 0.0234375 0.04609375
0 0.80078125 0.79375 0.02109375 0.02265625
1 0.47265625 0.4421875 0.03046875 0.05546875
0 0.26484375 0.496875 0.021875 0.02890625
0 0.4140625 0.584375 0.0234375 0.02734375
0 0.178125 0.34609375 0.021875 0.02265625
1 0.415625 0.6265625 0.04921875 0.04921875
0 0.52109375 0.64140625 0.01953125 0.02109375
0 0.2546875 0.4125 0.021875 0.0265625
1 0.96953125 0.54765625 0.04609375 0.08203125
1 0.5015625 0.553125 0.03671875 0.08359375
1 0.60390625 0.2109375 0.04375 0.078125
1 0.60546875 0.1796875 0.00234375 0.01796875