0 0.034375 0.034375 0.06875 0.06875
0 0.371875 0.040625 0.09921875 0.08125
0 0.5921875 0.2140625 0.0890625 0.12734375
0 0.3046875 0.2109375 0.1234375 0.12109375
0 0.4484375 0.1359375 0.103125 0.11015625
0 0.59609375 0.05234375 0.0890625 0.0921875
0 0.8359375 0.12734375 0.109375 0.10390625
0 0.09765625 0.12734375 0.10625 0.12734375
0 0.68671875 0.190625 0.11328125 0.16171875
0 0.215625 0.08984375 0.109375 0.12109375
0 0.9296875 0.2546875 0.13359375 0.16171875
0 0.7828125 0.27421875 0.1265625 0.15625