0 0.421875 0.14921875 0.08515625 0.08671875
1 0.48203125 0.3671875 0.10625 0.31640625
0 0.484375 0.1328125 0.05625 0.06171875
0 0.52578125 0.0796875 0.05390625 0.0609375
0 0.7578125 0.08671875 0.03984375 0.05546875
1 0.63828125 0.2375 0.06875 0.16015625
0 0.23125 0.12578125 0.08984375 0.08125
0 0.62734375 0.12265625 0.046875 0.0515625
0 0.3234375 0.12734375 0.0953125 0.09140625
0 0.81328125 0.0796875 0.08515625 0.08359375
1 0.340625 0.3828125 0.18125 0.32890625
1 0.19375 0.32421875 0.15 0.2671875
1 0.81171875 0.2484375 0.13203125 0.21328125