0 0.2765625 0.18671875 0.07421875 0.090625
1 0.278125 0.42109375 0.1265625 0.28828125
0 0.42578125 0.2171875 0.06328125 0.0734375
0 0.67265625 0.24609375 0.06328125 0.0734375
0 0.7921875 0.21484375 0.06328125 0.06796875
1 0.42421875 0.440625 0.13046875 0.27109375
1 0.125 0.47734375 0.1515625 0.34453125
0 0.55078125 0.1890625 0.06015625 0.084375
1 0.54375 0.3984375 0.109375 0.25390625
0 0.1375 0.2203125 0.084375 0.1015625
1 0.67109375 0.46328125 0.11640625 0.26015625
1 0.803125 0.4234375 0.1125 0.2484375