1 0.2953125 0.48359375 0.0421875 0.090625
1 0.69609375 0.371875 0.115625 0.21875
1 0.10078125 0.49296875 0.03828125 0.0703125
1 0.028125 0.48515625 0.0359375 0.07265625
0 0.1046875 0.428125 0.01953125 0.021875
1 0.34921875 0.4375 0.065625 0.14296875
0 0.35234375 0.3140625 0.0375 0.03359375
0 0.71171875 0.17734375 0.0703125 0.065625
1 0.58203125 0.3640625 0.08984375 0.26796875
0 0.50390625 0.0515625 0.08203125 0.08046875
1 0.48515625 0.3203125 0.12109375 0.28984375
0 0.571875 0.1140625 0.078125 0.07109375
1 0.215625 0.4203125 0.07421875 0.14453125
0 0.2234375 0.28671875 0.04296875 0.0421875