1 0.6984375 0.96015625 0.1421875 0.0796875
1 0.4046875 0.31484375 0.06953125 0.08671875
1 0.0484375 0.43984375 0.09609375 0.20703125
1 0.19375 0.521875 0.165625 0.1390625
1 0.20078125 0.275 0.09375 0.11796875
1 0.3375 0.28828125 0.084375 0.125
0 0.19140625 0.19375 0.05546875 0.0453125
1 0.696875 0.4546875 0.1828125 0.20703125
0 0.03125 0.296875 0.0625 0.05078125
1 0.3765625 0.478125 0.1421875 0.134375
0 0.4046875 0.24140625 0.05546875 0.0453125
0 0.1984375 0.4328125 0.084375 0.071875
0 0.39296875 0.384375 0.0796875 0.0765625
0 0.81875 0.36640625 0.103125 0.0890625
0 0.734375 0.31953125 0.0984375 0.08203125
0 0.34140625 0.203125 0.0578125 0.040625