0 0.575 0.31875 0.08046875 0.11328125
1 0.78125 0.60703125 0.1640625 0.309375
1 0.5734375 0.5296875 0.1640625 0.35703125
0 0.8046875 0.36015625 0.096875 0.11328125
1 0.1953125 0.65390625 0.390625 0.6671875
0 0.8953125 0.36171875 0.03125 0.0328125
0 0.94296875 0.384375 0.02265625 0.04375
0 0.953125 0.68984375 0.04765625 0.0625
0 0.50859375 0.31875 0.03671875 0.059375
1 0.7390625 0.4 0.05390625 0.0796875
1 0.884375 0.415625 0.03359375 0.10234375
1 0.94296875 0.7734375 0.0484375 0.1234375
1 0.0609375 0.21796875 0.0734375 0.09921875
0 0.32421875 0.240625 0.25078125 0.38828125