0 0.303125 0.6078125 0.04609375 0.0640625
1 0.89921875 0.728125 0.0703125 0.17578125
0 0.63515625 0.634375 0.065625 0.075
0 0.5296875 0.60390625 0.03984375 0.06171875
0 0.85625 0.58828125 0.04375 0.05625
0 0.81171875 0.58515625 0.04375 0.05625
0 0.77578125 0.59609375 0.06015625 0.06640625
1 0.95546875 0.79140625 0.0890625 0.2671875
1 0.153125 0.76171875 0.10625 0.16796875
0 0.94296875 0.56640625 0.08984375 0.0828125
0 0.49921875 0.609375 0.0703125 0.07734375
1 0.74375 0.7640625 0.128125 0.15703125
0 0.88671875 0.57890625 0.05390625 0.0640625
0 0.1609375 0.6359375 0.0703125 0.071875
0 0.42265625 0.6015625 0.08203125 0.08828125
1 0.27578125 0.765625 0.1078125 0.19765625
0 0.721875 0.615625 0.10390625 0.09609375
0 0.34765625 0.575 0.09609375 0.09296875
0 0.26015625 0.61875 0.07578125 0.08515625
1 0.359375 0.75859375 0.10625 0.215625
1 0.6046875 0.75625 0.1140625 0.19453125
1 0.51796875 0.75625 0.0796875 0.20546875
0 0.57890625 0.58125 0.09765625 0.1015625
1 0.45234375 0.75859375 0.10390625 0.2109375