1 0.62890625 0.28828125 0.075 0.25859375
1 0.46171875 0.4171875 0.05859375 0.20703125
1 0.52734375 0.2640625 0.0546875 0.23828125
0 0.4015625 0.31015625 0.03515625 0.0828125
0 0.66796875 0.15 0.03125 0.0796875
0 0.7640625 0.35703125 0.04375 0.09296875
0 0.5578125 0.41015625 0.0390625 0.103125
0 0.4765625 0.27421875 0.0359375 0.1140625
1 0.815625 0.503125 0.07890625 0.2484375
1 0.38046875 0.49296875 0.07109375 0.24140625
0 0.5453125 0.07421875 0.0390625 0.1
0 0.51796875 0.44453125 0.04140625 0.12421875
0 0.196875 0.58828125 0.05859375 0.1453125