0 0.31953125 0.2984375 0.03359375 0.02421875
1 0.32578125 0.3421875 0.06484375 0.0796875
1 0.0828125 0.3171875 0.06484375 0.08203125
0 0.009375 0.278125 0.01875 0.034375
0 0.33671875 0.27890625 0.03828125 0.03828125
1 0.021875 0.3421875 0.04296875 0.0796875
1 0.25390625 0.31640625 0.06484375 0.0796875
0 0.428125 0.16484375 0.08203125 0.06484375
0 0.07578125 0.25390625 0.0453125 0.040625
1 0.43046875 0.31484375 0.16328125 0.2015625
0 0.2609375 0.25390625 0.0453125 0.040625
1 0.91953125 0.33046875 0.1609375 0.521875
0 0.54921875 0.1109375 0.17578125 0.196875
1 0.6765625 0.35 0.2765625 0.4640625