0 0.07734375 0.2359375 0.04921875 0.0671875
1 0.14609375 0.37109375 0.07421875 0.190625
1 0.95078125 0.5703125 0.0984375 0.2640625
0 0.72734375 0.1265625 0.08828125 0.0953125
0 0.82578125 0.16015625 0.06015625 0.084375
0 0.92578125 0.1546875 0.05625 0.07265625
0 0.2234375 0.2109375 0.06015625 0.084375
1 0.23046875 0.38515625 0.0953125 0.253125
0 0.14609375 0.2359375 0.053125 0.07890625
0 0.36796875 0.16875 0.1234375 0.14609375
0 0.5828125 0.11484375 0.08125 0.0953125
0 0.98203125 0.3734375 0.03515625 0.10703125
0 0.0265625 0.28671875 0.053125 0.07890625