0 0.33984375 0.45 0.021875 0.0453125
0 0.24453125 0.628125 0.028125 0.02890625
0 0.7296875 0.4828125 0.02421875 0.03125
1 0.4625 0.47109375 0.0296875 0.06484375
1 0.5265625 0.4375 0.0375 0.07265625
0 0.44921875 0.409375 0.01796875 0.0265625
0 0.8140625 0.2859375 0.01640625 0.02265625
0 0.77421875 0.31015625 0.0171875 0.02265625
0 0.15390625 0.41875 0.02734375 0.0328125
0 0.8515625 0.9390625 0.0609375 0.05859375
0 0.32265625 0.45546875 0.028125 0.0390625
0 0.37265625 0.43671875 0.02734375 0.04375
0 0.5984375 0.78984375 0.034375 0.0421875
0 0.821875 0.76875 0.034375 0.04765625
0 0.0953125 0.5171875 0.0375 0.04609375
0 0.71640625 0.79296875 0.040625 0.0515625
0 0.28515625 0.8734375 0.0375 0.06875
0 0.91953125 0.5109375 0.0296875 0.05
0 0.50859375 0.50078125 0.02734375 0.04609375