0 0.290625 0.4421875 0.04296875 0.0484375
0 0.33515625 0.45078125 0.040625 0.040625
0 0.43125 0.48671875 0.06484375 0.06484375
1 0.0375 0.9578125 0.07421875 0.084375
0 0.115625 0.41484375 0.0671875 0.06015625
1 0.3328125 0.5890625 0.11796875 0.16328125
0 0.1765625 0.45703125 0.1078125 0.115625
0 0.365625 0.484375 0.08203125 0.07421875
1 0.22578125 0.60703125 0.1390625 0.1703125
1 0.7921875 0.5921875 0.31015625 0.3390625
0 0.2546875 0.48046875 0.09140625 0.09140625
1 0.08046875 0.63359375 0.1609375 0.31015625
0 0.73046875 0.31953125 0.1875 0.1390625