0 0.3953125 0.2625 0.06484375 0.096875
0 0.57578125 0.3234375 0.04921875 0.06875
0 0.62421875 0.29375 0.0453125 0.06015625
0 0.30546875 0.0984375 0.09140625 0.09296875
0 0.4953125 0.23828125 0.0640625 0.08203125
0 0.1546875 0.2296875 0.10390625 0.115625
0 0.5578125 0.24453125 0.05234375 0.0640625
0 0.65546875 0.35078125 0.05390625 0.071875
0 0.7171875 0.31484375 0.05390625 0.06640625
1 0.48984375 0.49921875 0.11328125 0.29375
0 0.784375 0.35390625 0.05390625 0.0609375
1 0.71875 0.5140625 0.11015625 0.22578125
1 0.30390625 0.48125 0.18359375 0.43984375
1 0.140625 0.66171875 0.221875 0.50703125