1 0.77734375 0.58671875 0.0671875 0.2484375
1 0.165625 0.553125 0.075 0.2609375
0 0.6390625 0.39453125 0.03515625 0.05546875
1 0.64140625 0.6015625 0.059375 0.2390625
0 0.43671875 0.42734375 0.034375 0.06015625
1 0.37734375 0.5890625 0.06484375 0.2484375
0 0.56953125 0.39453125 0.03671875 0.05546875
0 0.37578125 0.3859375 0.03828125 0.0578125
0 0.31796875 0.39296875 0.03828125 0.0578125
0 0.496875 0.41328125 0.03671875 0.0578125
0 0.70234375 0.3859375 0.0359375 0.053125
0 0.8421875 0.36953125 0.04296875 0.065625
0 0.2546875 0.35078125 0.04140625 0.0625
0 0.18359375 0.34765625 0.046875 0.06796875
1 0.84921875 0.5953125 0.0734375 0.29140625
0 0.771875 0.38203125 0.03984375 0.0703125
1 0.24609375 0.571875 0.06875 0.2875
1 0.31328125 0.59140625 0.0546875 0.25625
1 0.70703125 0.57890625 0.0671875 0.228125
1 0.565625 0.5875 0.0609375 0.24375
1 0.503125 0.64453125 0.0671875 0.2671875
1 0.44296875 0.640625 0.05234375 0.25