0 0.20546875 0.21484375 0.06171875 0.06484375
0 0.72109375 0.1890625 0.0703125 0.07265625
0 0.32421875 0.24765625 0.06328125 0.06484375
0 0.86015625 0.221875 0.071875 0.0859375
0 0.57109375 0.22109375 0.06171875 0.06953125
0 0.4484375 0.190625 0.059375 0.07265625
1 0.86796875 0.47109375 0.13515625 0.3203125
1 0.72578125 0.4140625 0.12109375 0.27109375
1 0.45625 0.39140625 0.10859375 0.24296875
1 0.2015625 0.41875 0.1140625 0.24453125
1 0.578125 0.43515625 0.1265625 0.253125
1 0.33046875 0.45 0.11484375 0.24765625