0 0.46171875 0.15703125 0.0703125 0.0578125
0 0.44296875 0.23984375 0.06640625 0.0578125
0 0.6953125 0.128125 0.05 0.04140625
0 0.36484375 0.225 0.0703125 0.06171875
0 0.81171875 0.1484375 0.04296875 0.04921875
0 0.3015625 0.18828125 0.08359375 0.078125
0 0.18828125 0.225 0.096875 0.078125
1 0.2 0.50390625 0.1796875 0.32265625
1 0.30859375 0.46015625 0.16640625 0.353125
1 0.825 0.26640625 0.09765625 0.16171875
1 0.7734375 0.2875 0.0796875 0.1875
1 0.70234375 0.3265625 0.10078125 0.22890625
1 0.61796875 0.3171875 0.1171875 0.240625
1 0.56796875 0.3515625 0.1140625 0.26328125
1 0.3921875 0.4296875 0.128125 0.29296875
0 0.63125 0.14609375 0.078125 0.0640625
0 0.56171875 0.13359375 0.05390625 0.053125
0 0.7703125 0.16328125 0.0375 0.04453125
0 0.5421875 0.18046875 0.06328125 0.04921875
0 0.73125 0.20078125 0.06015625 0.0453125