0 0.3609375 0.440625 0.0484375 0.03359375
1 0.29296875 0.5015625 0.071875 0.08203125
0 0.29921875 0.4359375 0.0453125 0.03828125
1 0.61640625 0.51953125 0.07421875 0.0984375
1 0.35078125 0.5171875 0.0671875 0.10390625
0 0.7234375 0.42734375 0.053125 0.040625
0 0.50390625 0.43359375 0.06484375 0.04375
0 0.87109375 0.4375 0.06015625 0.04609375
0 0.60703125 0.44453125 0.0453125 0.03125
1 0.48671875 0.52890625 0.09375 0.12734375
1 0.7296875 0.51171875 0.0796875 0.11328125
1 0.87890625 0.53984375 0.103125 0.13515625