0 0.17265625 0.2421875 0.0203125 0.0234375
0 0.6890625 0.4359375 0.021875 0.03125
0 0.27265625 0.48359375 0.0265625 0.0328125
0 0.5515625 0.409375 0.01953125 0.0234375
0 0.1875 0.2859375 0.01640625 0.0234375
0 0.75546875 0.62734375 0.0265625 0.02734375
1 0.53515625 0.4703125 0.0203125 0.06015625
0 0.41796875 0.47734375 0.02265625 0.0328125
0 0.228125 0.31015625 0.0171875 0.02265625
1 0.47265625 0.4359375 0.034375 0.07890625
0 0.846875 0.41875 0.02890625 0.0375
0 0.62734375 0.4359375 0.02734375 0.04375
0 0.40078125 0.78984375 0.034375 0.0375
0 0.1796875 0.76953125 0.03046875 0.04609375
0 0.14921875 0.9390625 0.06328125 0.0625
0 0.67890625 0.4546875 0.02734375 0.03515625
0 0.284375 0.7921875 0.040625 0.05
0 0.90703125 0.5171875 0.03203125 0.04609375
0 0.71484375 0.8734375 0.03828125 0.07109375
0 0.0828125 0.5140625 0.02890625 0.0546875
0 0.4921875 0.50078125 0.02890625 0.04609375