1 0.846875 0.7 0.10703125 0.30703125
1 0.43671875 0.371875 0.128125 0.1359375
0 0.79609375 0.0171875 0.07578125 0.034375
0 0.4890625 0.03359375 0.071875 0.0640625
1 0.69765625 0.7640625 0.13515625 0.3484375
0 0.18203125 0.50703125 0.0796875 0.1203125
0 0.7828125 0.36796875 0.09296875 0.1109375
0 0.9484375 0.38359375 0.0953125 0.12421875
0 0.44140625 0.2125 0.090625 0.10234375
0 0.6703125 0.51640625 0.0875 0.13515625
0 0.83828125 0.4578125 0.09296875 0.12734375
0 0.56796875 0.29921875 0.0875 0.10703125
0 0.20859375 0.27890625 0.0890625 0.12421875