1 0.1953125 0.48125 0.06953125 0.1578125
1 0.36328125 0.46484375 0.06953125 0.146875
0 0.653125 0.3640625 0.05078125 0.06484375
0 0.4984375 0.35625 0.06171875 0.08125
1 0.62421875 0.45625 0.0875 0.15234375
0 0.19140625 0.35859375 0.04765625 0.0546875
0 0.1109375 0.35859375 0.0546875 0.06484375
0 0.36328125 0.35078125 0.04765625 0.06015625
0 0.76640625 0.43515625 0.0375 0.065625
0 0.83125 0.3921875 0.05625 0.0765625
0 0.9046875 0.3875 0.05625 0.07265625
1 0.48203125 0.4671875 0.090625 0.15625
1 0.840625 0.48671875 0.06015625 0.12109375
1 0.91640625 0.50703125 0.06484375 0.1421875