1 0.268750 0.636719 0.056250 0.123438
1 0.066406 0.500781 0.060937 0.126562
0 0.859375 0.580469 0.043750 0.054688
1 0.127344 0.484375 0.060937 0.125000
1 0.330469 0.466406 0.057813 0.117188
1 0.176563 0.666406 0.090625 0.170313
1 0.095312 0.680469 0.062500 0.151562
1 0.409375 0.471094 0.056250 0.117188
1 0.919531 0.400000 0.064062 0.181250
0 0.640625 0.403906 0.053125 0.048438
1 0.266406 0.358594 0.070312 0.101562
1 0.367969 0.379688 0.076563 0.090625
1 0.325781 0.639844 0.070312 0.120313
1 0.464844 0.615625 0.035937 0.100000
1 0.512500 0.616406 0.046875 0.092188
