1 0.7359375 0.60390625 0.09375 0.11953125
1 0.06796875 0.5640625 0.0625 0.11484375
0 0.39609375 0.40078125 0.05078125 0.0703125
0 0.69140625 0.5328125 0.03828125 0.053125
1 0.25078125 0.56796875 0.07109375 0.13203125
0 0.234375 0.459375 0.04140625 0.0421875
0 0.071875 0.4734375 0.0328125 0.03203125
1 0.859375 0.60234375 0.09609375 0.17890625
1 0.609375 0.57421875 0.0921875 0.1875
1 0.434375 0.534375 0.0953125 0.1828125
0 0.61171875 0.42578125 0.06640625 0.0640625
0 0.83828125 0.46796875 0.05078125 0.059375