1 0.921875 0.50234375 0.11328125 0.11796875
1 0.5359375 0.5890625 0.1390625 0.17109375
0 0.46171875 0.38515625 0.04296875 0.04375
0 0.91953125 0.43125 0.05078125 0.04375
1 0.43046875 0.42890625 0.0578125 0.08671875
1 0.5734375 0.44453125 0.06953125 0.09375
1 0.50625 0.44921875 0.07421875 0.09375
1 0.68125 0.61328125 0.103125 0.16640625
0 0.50859375 0.38828125 0.040625 0.02890625
0 0.7234375 0.3515625 0.053125 0.04375
1 0.72578125 0.446875 0.10546875 0.1375
0 0.63359375 0.3640625 0.05078125 0.04375
0 0.86171875 0.39140625 0.05078125 0.04609375
0 0.5640625 0.375 0.05078125 0.040625