0 0.89296875 0.2875 0.05078125 0.05078125
0 0.9359375 0.290625 0.05546875 0.0484375
0 0.8546875 0.2921875 0.05546875 0.05546875
0 0.546875 0.328125 0.06484375 0.06015625
1 0.5609375 0.459375 0.0796875 0.16796875
1 0.915625 0.4171875 0.09140625 0.18046875
1 0.6890625 0.43984375 0.11328125 0.20703125
1 0.78359375 0.43515625 0.09140625 0.1828125
0 0.78515625 0.28828125 0.09375 0.0625
1 0.4796875 0.47109375 0.0984375 0.1875
0 0.48046875 0.3171875 0.0765625 0.0625
0 0.2875 0.29296875 0.05078125 0.03828125
0 0.66953125 0.25859375 0.09375 0.06953125