1 0.11171875 0.4953125 0.10546875 0.2875
1 0.88671875 0.4703125 0.17265625 0.27421875
1 0.03828125 0.47734375 0.075 0.296875
1 0.9515625 0.453125 0.096875 0.284375
1 0.721875 0.45390625 0.1515625 0.2453125
0 0.028125 0.25078125 0.05546875 0.08125
0 0.08828125 0.28203125 0.0765625 0.08203125
0 0.71484375 0.25859375 0.07734375 0.0765625
1 0.21875 0.47578125 0.165625 0.2890625
0 0.2421875 0.25390625 0.096875 0.0875
0 0.4578125 0.25 0.0875 0.084375
0 0.86484375 0.253125 0.08828125 0.09296875
0 0.96171875 0.2296875 0.075 0.08671875
1 0.4703125 0.4515625 0.178125 0.25703125