0 0.3015625 0.13046875 0.04296875 0.0453125
0 0.63359375 0.22734375 0.0734375 0.06640625
0 0.7015625 0.18984375 0.08359375 0.0828125
0 0.553125 0.23984375 0.06640625 0.0578125
0 0.53671875 0.1546875 0.06640625 0.06171875
0 0.18515625 0.1484375 0.05 0.04921875
0 0.80859375 0.225 0.096875 0.078125
1 0.8015625 0.50234375 0.18359375 0.3265625
1 0.17890625 0.27578125 0.08359375 0.1375
1 0.22265625 0.29609375 0.06484375 0.13359375
1 0.65859375 0.42890625 0.0734375 0.29140625
1 0.30625 0.3421875 0.08515625 0.18359375
1 0.421875 0.34453125 0.08046875 0.234375
0 0.23046875 0.16640625 0.053125 0.04609375
0 0.26953125 0.19765625 0.0578125 0.04296875
0 0.32109375 0.1875 0.05546875 0.05234375
0 0.36796875 0.15859375 0.0625 0.05546875
0 0.44453125 0.1640625 0.06484375 0.09140625
0 0.49375 0.17578125 0.05078125 0.05