1 0.89609375 0.51796875 0.065625 0.17734375
0 0.553125 0.33359375 0.05390625 0.0890625
0 0.98359375 0.27890625 0.0328125 0.15703125
0 0.90546875 0.38046875 0.04296875 0.0453125
0 0.60703125 0.271875 0.0828125 0.0859375
0 0.03359375 0.2703125 0.0671875 0.20078125
0 0.42421875 0.24765625 0.096875 0.134375
1 0.7 0.64375 0.1859375 0.53046875
1 0.21015625 0.68125 0.22890625 0.6015625
0 0.71484375 0.17890625 0.12421875 0.134375
1 0.04296875 0.74765625 0.0828125 0.5
1 0.41328125 0.63046875 0.153125 0.44921875
0 0.228125 0.21171875 0.11875 0.15