0 0.525 0.3984375 0.0203125 0.02265625
0 0.7640625 0.44296875 0.0328125 0.04375
0 0.2640625 0.41875 0.0578125 0.0546875
0 0.296875 0.37890625 0.04296875 0.05234375
0 0.7390625 0.409375 0.03359375 0.03125
0 0.915625 0.51796875 0.0765625 0.07109375
0 0.409375 0.3703125 0.0296875 0.03671875
0 0.1046875 0.37421875 0.065625 0.05234375
0 0.4734375 0.38203125 0.025 0.0359375
0 0.30234375 0.44453125 0.0828125 0.0671875
0 0.08203125 0.4640625 0.07578125 0.0921875
0 0.59765625 0.46328125 0.0953125 0.0984375
0 0.45703125 0.4515625 0.0359375 0.03671875
0 0.8296875 0.52734375 0.08125 0.0921875
0 0.83125 0.43984375 0.0390625 0.05703125