1 0.625 0.33515625 0.0921875 0.27734375
0 0.6640625 0.3671875 0.075 0.11015625
0 0.80859375 0.25703125 0.06171875 0.0984375
1 0.8953125 0.45078125 0.0921875 0.21953125
1 0.8203125 0.47421875 0.11328125 0.27734375
0 0.42109375 0.2921875 0.08203125 0.12109375
0 0.68515625 0.20546875 0.075 0.0984375
0 0.64375 0.14140625 0.06875 0.11015625
0 0.72578125 0.10078125 0.075 0.11015625
0 0.86484375 0.27421875 0.07890625 0.11015625
0 0.4796875 0.33515625 0.08203125 0.115625
0 0.19140625 0.1703125 0.08203125 0.11015625
1 0.234375 0.37578125 0.10625 0.30078125
1 0.4828125 0.56953125 0.13671875 0.30625