0 0.81796875 0.54140625 0.0265625 0.0515625
0 0.2296875 0.49296875 0.025 0.0265625
0 0.134375 0.7203125 0.0296875 0.03046875
0 0.98515625 0.5046875 0.0265625 0.046875
1 0.15625 0.8359375 0.0484375 0.11171875
1 0.86171875 0.7578125 0.05390625 0.1203125
1 0.91328125 0.471875 0.05 0.096875
0 0.88125 0.30859375 0.02734375 0.0421875
0 0.14375 0.75078125 0.03203125 0.04375
0 0.009375 0.48046875 0.01640625 0.03671875
0 0.56328125 0.44296875 0.03828125 0.04375
0 0.92265625 0.39296875 0.02734375 0.03203125
0 0.84296875 0.66875 0.04375 0.05
1 0.571875 0.55625 0.05859375 0.16015625
0 0.98359375 0.30703125 0.028125 0.03671875
0 0.80546875 0.78984375 0.03984375 0.05703125
0 0.90546875 0.321875 0.0359375 0.0484375