0 0.90390625 0.425 0.05234375 0.05078125
1 0.8359375 0.546875 0.04375 0.12578125
0 0.8109375 0.43125 0.04609375 0.05703125
1 0.73203125 0.7609375 0.2 0.459375
0 0.31015625 0.425 0.07578125 0.08671875
1 0.3296875 0.64296875 0.1078125 0.3
0 0.54296875 0.375 0.0859375 0.084375
1 0.19296875 0.66328125 0.19375 0.37265625
1 0.91171875 0.546875 0.084375 0.1625
0 0.17734375 0.353125 0.09765625 0.1109375
1 0.46875 0.6875 0.165625 0.4140625
0 0.425 0.36640625 0.1140625 0.1203125
0 0.70703125 0.40703125 0.14609375 0.159375