1 0.465625 0.4734375 0.1203125 0.12578125
1 0.2703125 0.4203125 0.06796875 0.134375
0 0.75234375 0.34453125 0.02421875 0.0296875
1 0.46328125 0.33359375 0.10234375 0.15234375
0 0.246875 0.3140625 0.03828125 0.04765625
1 0.61328125 0.33515625 0.10625 0.19765625
0 0.57109375 0.20625 0.0578125 0.08359375
0 0.9265625 0.284375 0.146875 0.221875
1 0.9421875 0.5984375 0.115625 0.3953125
0 0.7828125 0.0703125 0.12578125 0.140625
0 0.36171875 0.4234375 0.07578125 0.11640625
0 0.4546875 0.20546875 0.05390625 0.06875
0 0.2109375 0.5625 0.08984375 0.1796875