0 0.6953125 0.40390625 0.0296875 0.03359375
0 0.05859375 0.4078125 0.0578125 0.05625
0 0.2921875 0.4078125 0.05 0.05625
0 0.7578125 0.396875 0.0296875 0.03359375
0 0.01484375 0.4171875 0.0296875 0.08984375
0 0.17890625 0.4171875 0.0671875 0.0828125
1 0.025 0.70859375 0.05 0.31171875
1 0.04765625 0.584375 0.059375 0.21875
0 0.24296875 0.409375 0.040625 0.05
0 0.35078125 0.41328125 0.04609375 0.0453125
0 0.390625 0.4234375 0.03125 0.0359375
0 0.44765625 0.40390625 0.0390625 0.0515625
0 0.89765625 0.41484375 0.05390625 0.05703125
0 0.61328125 0.3984375 0.03671875 0.0484375
0 0.56015625 0.4 0.0359375 0.0390625