0 0.795312 0.301563 0.084375 0.043750
0 0.918750 0.348438 0.071875 0.040625
1 0.958594 0.415625 0.079687 0.106250
1 0.078125 0.233594 0.112500 0.110937
0 0.671875 0.745313 0.081250 0.046875
0 0.943750 0.619531 0.078125 0.051562
1 0.192969 0.253125 0.098437 0.115625
1 0.605469 0.870313 0.210938 0.162500
0 0.203906 0.165625 0.057813 0.031250
1 0.911719 0.721875 0.170313 0.150000
1 0.817187 0.401562 0.190625 0.128125
0 0.117969 0.154688 0.057813 0.034375
0 0.220312 0.638281 0.178125 0.101562
1 0.183594 0.876563 0.301563 0.246875
0 0.502344 0.557031 0.301563 0.254688
