0 0.425000 0.349219 0.018750 0.026562
0 0.864062 0.720313 0.012500 0.015625
0 0.884375 0.717969 0.015625 0.020313
1 0.607812 0.813281 0.034375 0.064062
0 0.753906 0.625000 0.017188 0.025000
0 0.820312 0.692187 0.018750 0.021875
0 0.404687 0.351562 0.015625 0.018750
0 0.779687 0.635156 0.015625 0.023438
0 0.548438 0.248438 0.015625 0.021875
0 0.618750 0.236719 0.018750 0.017188
1 0.553125 0.286719 0.025000 0.057813
0 0.592969 0.758594 0.017188 0.020313
0 0.589063 0.245312 0.015625 0.021875
0 0.431250 0.319531 0.018750 0.020313
0 0.613281 0.763281 0.020313 0.023438
1 0.415625 0.400781 0.031250 0.073438
1 0.615625 0.281250 0.025000 0.053125
0 0.270313 0.737500 0.046875 0.050000
1 0.584375 0.281250 0.025000 0.050000
0 0.885938 0.233594 0.109375 0.098437
0 0.214844 0.712500 0.051562 0.050000
0 0.471094 0.278906 0.020313 0.020313
1 0.163281 0.810937 0.101562 0.175000
1 0.470313 0.321094 0.034375 0.054688
1 0.474219 0.737500 0.060937 0.112500
