1 0.25234375 0.5953125 0.12734375 0.30625
1 0.878125 0.66640625 0.14921875 0.3390625
0 0.7671875 0.36328125 0.0796875 0.07109375
1 0.5203125 0.675 0.1671875 0.33359375
0 0.6578125 0.35546875 0.07265625 0.065625
0 0.934375 0.36875 0.07265625 0.09296875
0 0.34921875 0.33359375 0.07265625 0.0765625
0 0.08359375 0.2953125 0.109375 0.109375
0 0.22734375 0.325 0.08359375 0.08203125
0 0.87421875 0.37421875 0.090625 0.09296875
1 0.09453125 0.5875 0.1890625 0.33359375
1 0.36328125 0.5703125 0.11875 0.2859375
1 0.6609375 0.5984375 0.15234375 0.275