0 0.59296875 0.1875 0.06640625 0.1015625
0 0.38359375 0.184375 0.06640625 0.10703125
0 0.17890625 0.04140625 0.0859375 0.0828125
0 0.11796875 0.246875 0.05703125 0.07734375
0 0.5234375 0.184375 0.06640625 0.0953125
0 0.05 0.06875 0.0796875 0.125
0 0.425 0.57734375 0.0765625 0.11875
0 0.1984375 0.92265625 0.08359375 0.13125
0 0.28671875 0.25 0.0734375 0.11875
0 0.821875 0.1515625 0.0765625 0.125
0 0.75 0.2140625 0.0796875 0.10703125
0 0.39296875 0.0328125 0.0734375 0.065625
0 0.2984375 0.0859375 0.0765625 0.1015625
0 0.4953125 0.05078125 0.0765625 0.1015625
0 0.753125 0.63125 0.1 0.16640625
0 0.05 0.64609375 0.08671875 0.125
0 0.56640625 0.4046875 0.0796875 0.11875
0 0.35 0.5921875 0.0734375 0.13671875
0 0.5703125 0.559375 0.09296875 0.1546875
0 0.671875 0.33046875 0.08359375 0.125
0 0.96640625 0.2265625 0.06640625 0.1546875
0 0.678125 0.11328125 0.0765625 0.10703125
0 0.371875 0.36015625 0.0703125 0.125
0 0.253125 0.7109375 0.0796875 0.125
0 0.86328125 0.25 0.08671875 0.14296875
0 0.275 0.4375 0.0703125 0.0890625
0 0.16171875 0.54140625 0.0765625 0.11875