0 0.59765625 0.4015625 0.071875 0.08203125
0 0.96484375 0.353125 0.06640625 0.0671875
0 0.75 0.4125 0.06640625 0.06953125
0 0.26171875 0.3765625 0.06171875 0.06484375
0 0.89140625 0.40625 0.06484375 0.0671875
0 0.41796875 0.3890625 0.059375 0.0765625
1 0.884375 0.57421875 0.11875 0.196875
1 0.9671875 0.52421875 0.06484375 0.2015625
1 0.740625 0.5765625 0.11015625 0.1921875
1 0.12109375 0.52421875 0.11875 0.1875
1 0.59375 0.5671875 0.1265625 0.21640625
1 0.4265625 0.54453125 0.10625 0.19453125
1 0.26796875 0.5453125 0.1140625 0.2015625