1 0.81484375 0.5515625 0.16015625 0.3171875
0 0.0203125 0.346875 0.0328125 0.07109375
0 0.18515625 0.32265625 0.0578125 0.065625
0 0.134375 0.26484375 0.07265625 0.09296875
0 0.0109375 0.2375 0.021875 0.07109375
0 0.07265625 0.26796875 0.0796875 0.0875
0 0.265625 0.3390625 0.065625 0.0875
1 0.26171875 0.565625 0.13125 0.25703125
0 0.41484375 0.31953125 0.07265625 0.10390625
0 0.79609375 0.31953125 0.1015625 0.12578125
1 0.58203125 0.48359375 0.15234375 0.32265625
1 0.42578125 0.53828125 0.1453125 0.26796875
0 0.56171875 0.2515625 0.08359375 0.0984375