1 0.8640625 0.534375 0.0328125 0.08359375
1 0.49921875 0.528125 0.078125 0.11796875
0 0.8609375 0.465625 0.02578125 0.03203125
0 0.96875 0.45234375 0.02890625 0.02890625
1 0.30546875 0.525 0.071875 0.128125
1 0.971875 0.53203125 0.0515625 0.096875
0 0.41875 0.49609375 0.03828125 0.053125
0 0.178125 0.440625 0.05078125 0.05859375
0 0.3140625 0.4390625 0.04140625 0.05859375
0 0.5609375 0.428125 0.05703125 0.06953125
0 0.5125 0.440625 0.03984375 0.0515625
1 0.18125 0.53515625 0.08515625 0.140625
1 0.3875 0.5484375 0.07421875 0.09453125
1 0.5703125 0.5609375 0.09140625 0.171875