1 0.5203125 0.36171875 0.096875 0.32421875
0 0.515625 0.13203125 0.059375 0.06328125
0 0.5796875 0.14765625 0.084375 0.08359375
0 0.24375 0.08671875 0.040625 0.05390625
0 0.4734375 0.07890625 0.0546875 0.06171875
0 0.675 0.12890625 0.09609375 0.0953125
0 0.7671875 0.125 0.08515625 0.0796875
1 0.36640625 0.2390625 0.07109375 0.15703125
0 0.1859375 0.0796875 0.0859375 0.0796875
0 0.37265625 0.12109375 0.04921875 0.0515625
1 0.1953125 0.2484375 0.14375 0.21015625
1 0.80625 0.3265625 0.15703125 0.265625
1 0.66484375 0.38359375 0.19765625 0.33125