1 0.80078125 0.63828125 0.12734375 0.16484375
0 0.103125 0.52265625 0.103125 0.10546875
0 0.33046875 0.53046875 0.12890625 0.12109375
1 0.58671875 0.4015625 0.09375 0.11640625
1 0.35546875 0.2515625 0.08515625 0.10390625
0 0.80390625 0.46640625 0.12421875 0.0796875
0 0.3640625 0.1625 0.07265625 0.06875
0 0.57109375 0.28046875 0.11328125 0.10390625
1 0.34765625 0.66875 0.1015625 0.1328125
1 0.88203125 0.18515625 0.109375 0.134375
0 0.159375 0.09375 0.103125 0.071875
0 0.875 0.04296875 0.1015625 0.0671875