1 0.32109375 0.64375 0.0359375 0.053125
1 0.69609375 0.9734375 0.05546875 0.053125
1 0.60703125 0.6953125 0.07421875 0.06953125
0 0.35703125 0.60234375 0.0265625 0.03359375
0 0.6578125 0.61328125 0.0359375 0.040625
1 0.453125 0.65390625 0.06484375 0.0984375
0 0.31640625 0.60625 0.0265625 0.0265625
0 0.69453125 0.59765625 0.03359375 0.03359375
0 0.4671875 0.5890625 0.0453125 0.040625
0 0.759375 0.59296875 0.03828125 0.03828125
0 0.25625 0.62734375 0.0359375 0.03125
1 0.83203125 0.67109375 0.0765625 0.11796875
1 0.37890625 0.6890625 0.07421875 0.08671875
0 0.7984375 0.5953125 0.0484375 0.04375
1 0.69140625 0.66953125 0.07421875 0.10625
1 0.24609375 0.6828125 0.06484375 0.084375
1 0.76796875 0.65625 0.06015625 0.0796875