0 0.4578125 0.29765625 0.0125 0.02109375
0 0.2140625 0.553125 0.065625 0.09765625
1 0.525 0.353125 0.02421875 0.06796875
0 0.52421875 0.303125 0.01640625 0.0234375
0 0.18828125 0.2265625 0.01640625 0.02734375
1 0.41171875 0.28203125 0.02421875 0.07890625
0 0.5921875 0.34375 0.01875 0.02734375
1 0.5921875 0.40546875 0.03359375 0.09140625
0 0.4203125 0.2234375 0.01953125 0.0296875
0 0.43828125 0.32890625 0.01640625 0.03203125
0 0.5078125 0.45546875 0.0390625 0.0640625
0 0.5109375 0.54765625 0.0609375 0.10390625