0 0.5328125 0.7328125 0.12734375 0.1296875
1 0.2390625 0.65859375 0.12734375 0.115625
1 0.834375 0.69921875 0.1109375 0.115625
0 0.225 0.9796875 0.09375 0.040625
1 0.734375 0.75859375 0.1078125 0.13671875
0 0.25234375 0.4984375 0.0671875 0.06015625
1 0.5328125 0.72734375 0.12265625 0.12265625
0 0.23828125 0.65859375 0.1203125 0.1109375
1 0.2453125 0.56953125 0.1390625 0.08671875
0 0.82109375 0.61171875 0.06953125 0.06953125
0 0.73203125 0.6625 0.084375 0.0890625
0 0.53515625 0.634375 0.07421875 0.08203125
0 0.41484375 0.6765625 0.12734375 0.13203125