0 0.35703125 0.49375 0.07421875 0.06015625
0 0.29453125 0.4859375 0.0453125 0.04296875
1 0.2953125 0.55859375 0.071875 0.103125
0 0.475 0.4828125 0.084375 0.0625
0 0.9515625 0.4703125 0.09609375 0.07421875
0 0.68515625 0.48203125 0.08671875 0.06484375
1 0.18984375 0.56484375 0.08671875 0.115625
1 0.3609375 0.58203125 0.09140625 0.125
0 0.1875 0.4796875 0.053125 0.05078125
1 0.953125 0.63203125 0.09375 0.22578125
1 0.70546875 0.62734375 0.12265625 0.2015625
1 0.47734375 0.584375 0.1078125 0.1390625