1 0.33984375 0.81171875 0.09296875 0.1984375
0 0.315625 0.42109375 0.0203125 0.06171875
1 0.203125 0.70546875 0.15703125 0.45234375
1 0.48984375 0.55859375 0.07265625 0.28046875
0 0.46484375 0.36953125 0.0578125 0.109375
0 0.2125 0.38046875 0.0875 0.18515625
0 0.7515625 0.29765625 0.11953125 0.23984375
1 0.73984375 0.7359375 0.171875 0.52734375
1 0.4375 0.83828125 0.08671875 0.2640625
0 0.40859375 0.66015625 0.03671875 0.07265625
0 0.26875 0.425 0.03359375 0.06015625
0 0.59296875 0.390625 0.0453125 0.04609375