0 0.128125 0.08359375 0.02578125 0.025
0 0.0875 0.3984375 0.0109375 0.01484375
1 0.1078125 0.425 0.01640625 0.03671875
0 0.1078125 0.39296875 0.01015625 0.0140625
1 0.0890625 0.44453125 0.0171875 0.05
1 0.19453125 0.50703125 0.03125 0.12890625
0 0.659375 0.36171875 0.02109375 0.03046875
0 0.87109375 0.4640625 0.0375 0.0796875
0 0.615625 0.3390625 0.0296875 0.03828125
1 0.74921875 0.46328125 0.06171875 0.13359375
0 0.63828125 0.334375 0.021875 0.03828125
0 0.9203125 0.9703125 0.04453125 0.04609375
0 0.1875 0.41171875 0.02421875 0.03125
1 0.94296875 0.52109375 0.09375 0.13984375
0 0.15234375 0.4515625 0.02734375 0.04140625
1 0.29140625 0.51953125 0.05625 0.16484375
1 0.1171875 0.56796875 0.0765625 0.16796875
0 0.33359375 0.33046875 0.04140625 0.05703125
0 0.2859375 0.39296875 0.03203125 0.040625
1 0.23515625 0.51953125 0.04296875 0.13125
0 0.23359375 0.41171875 0.02890625 0.03828125
0 0.15625 0.40546875 0.02109375 0.02890625
0 0.38203125 0.36640625 0.06015625 0.08984375
0 0.809375 0.52421875 0.04296875 0.06328125
1 0.77578125 0.665625 0.0703125 0.19296875
0 0.690625 0.3609375 0.03828125 0.046875
0 0.759375 0.35625 0.02890625 0.0453125
0 0.528125 0.32890625 0.04453125 0.04921875