0 0.60234375 0.26171875 0.05625 0.05859375
0 0.6671875 0.25546875 0.0578125 0.06171875
0 0.34296875 0.49453125 0.0578125 0.053125
0 0.42421875 0.4078125 0.06015625 0.06171875
0 0.503125 0.19375 0.0578125 0.05625
0 0.209375 0.52578125 0.06171875 0.0671875
0 0.41015625 0.2609375 0.05625 0.06171875
0 0.2671875 0.45078125 0.0578125 0.05625
0 0.54375 0.240625 0.06015625 0.0640625
0 0.21171875 0.28359375 0.05234375 0.053125
0 0.72734375 0.2234375 0.06171875 0.071875
0 0.1171875 0.2984375 0.05390625 0.05625
0 0.33125 0.20625 0.0578125 0.0484375
0 0.8421875 0.2390625 0.06796875 0.07734375