0 0.66015625 0.4265625 0.075 0.0953125
1 0.2640625 0.7609375 0.15234375 0.35859375
1 0.65859375 0.73125 0.1375 0.346875
0 0.26015625 0.428125 0.08515625 0.09921875
0 0.74375 0.3484375 0.07734375 0.09140625
0 0.46484375 0.30703125 0.0796875 0.10390625
1 0.4609375 0.615625 0.1421875 0.346875
0 0.32890625 0.2984375 0.07265625 0.0796875
0 0.55234375 0.2453125 0.075 0.09140625
1 0.8703125 0.59765625 0.13515625 0.3265625
1 0.11640625 0.6078125 0.15234375 0.3546875
0 0.875 0.31640625 0.0796875 0.09140625
0 0.11875 0.27890625 0.0921875 0.10390625
1 0.559375 0.52578125 0.125 0.3
1 0.76015625 0.6265625 0.121875 0.309375