1 0.671875 0.73984375 0.1703125 0.2921875
0 0.25703125 0.23046875 0.04921875 0.0578125
1 0.85234375 0.43828125 0.0765625 0.18671875
0 0.64609375 0.246875 0.034375 0.0546875
0 0.84765625 0.203125 0.0375 0.04140625
0 0.95 0.24375 0.03203125 0.04296875
1 0.77421875 0.54296875 0.1390625 0.2921875
0 0.821875 0.3171875 0.059375 0.07734375
1 0.3859375 0.7359375 0.2296875 0.3453125
0 0.71953125 0.265625 0.06015625 0.07890625
0 0.11875 0.2484375 0.05390625 0.06640625
0 0.26484375 0.2640625 0.05078125 0.0609375
0 0.7546875 0.3359375 0.06484375 0.084375
0 0.63828125 0.4734375 0.1125 0.12578125
1 0.0390625 0.45625 0.078125 0.18984375
0 0.9265625 0.2640625 0.046875 0.0515625
0 0.0203125 0.31171875 0.040625 0.084375
0 0.19921875 0.24609375 0.05234375 0.0796875
0 0.59609375 0.30625 0.06796875 0.090625
0 0.3953125 0.4578125 0.115625 0.171875