0 0.171875 0.41640625 0.04765625 0.04609375
0 0.77578125 0.45 0.028125 0.03203125
0 0.80625 0.45703125 0.028125 0.03515625
1 0.3296875 0.47578125 0.071875 0.14296875
0 0.21171875 0.384375 0.0640625 0.06171875
0 0.07890625 0.43125 0.05390625 0.0484375
0 0.31796875 0.36015625 0.05234375 0.0515625
0 0.496875 0.42734375 0.05390625 0.0515625
0 0.46171875 0.47109375 0.0234375 0.028125
0 0.54765625 0.4578125 0.04296875 0.03828125
1 0.22890625 0.5 0.09375 0.16875
0 0.40078125 0.47421875 0.025 0.03515625