0 0.58359375 0.49140625 0.03984375 0.065625
1 0.6953125 0.5328125 0.0765625 0.13671875
0 0.68515625 0.440625 0.05 0.07109375
1 0.0296875 0.5359375 0.053125 0.10703125
0 0.03515625 0.45234375 0.04296875 0.059375
0 0.14140625 0.4671875 0.03671875 0.05390625
0 0.48828125 0.44375 0.03671875 0.05390625
0 0.8234375 0.434375 0.053125 0.059375
1 0.61328125 0.55625 0.0734375 0.1015625
0 0.43984375 0.42890625 0.053125 0.07109375
1 0.81796875 0.54453125 0.08359375 0.1609375
1 0.4296875 0.57421875 0.10703125 0.20859375