1 0.275 0.315625 0.19296875 0.103125
0 0.7875 0.0203125 0.11875 0.03046875
0 0.26875 0.2375 0.096875 0.03046875
0 0.7578125 0.759375 0.0890625 0.028125
0 0.22890625 0.7640625 0.09140625 0.02578125
0 0.7578125 0.48984375 0.10390625 0.03359375
0 0.2671875 0.48984375 0.10390625 0.03125
1 0.221875 0.84453125 0.1859375 0.1
1 0.2625 0.57890625 0.2328125 0.11328125
1 0.7546875 0.5796875 0.19765625 0.1078125
0 0.78125 0.22890625 0.09140625 0.0265625
1 0.775 0.11640625 0.21796875 0.11484375
1 0.76015625 0.8328125 0.15859375 0.0953125
1 0.77265625 0.31328125 0.178125 0.09921875