0 0.3828125 0.33984375 0.01953125 0.03203125
0 0.54375 0.3171875 0.01171875 0.01796875
0 0.4375 0.33046875 0.0125 0.01953125
0 0.2046875 0.27578125 0.01484375 0.0265625
0 0.1734375 0.334375 0.0140625 0.02109375
1 0.30625 0.38046875 0.01796875 0.046875
0 0.4765625 0.32109375 0.01171875 0.01953125
0 0.5796875 0.24609375 0.01953125 0.028125
0 0.5640625 0.346875 0.01484375 0.03203125
0 0.4078125 0.36015625 0.01640625 0.0234375
1 0.409375 0.41875 0.03046875 0.0875
0 0.4890625 0.55859375 0.05859375 0.096875
0 0.49296875 0.46796875 0.040625 0.0609375