0 0.53828125 0.1640625 0.028125 0.071875
0 0.703125 0.24765625 0.03203125 0.090625
1 0.2546875 0.47421875 0.0703125 0.33984375
1 0.64375 0.48515625 0.06328125 0.37421875
0 0.3953125 0.17578125 0.03046875 0.0671875
0 0.2859375 0.1671875 0.02578125 0.06953125
0 0.2609375 0.203125 0.03359375 0.0859375
0 0.77265625 0.1625 0.03515625 0.09765625
0 0.84375 0.103125 0.03671875 0.090625
0 0.13515625 0.153125 0.0421875 0.09765625
1 0.33203125 0.4671875 0.0484375 0.32578125
0 0.1984375 0.1875 0.0359375 0.0953125
0 0.6859375 0.13984375 0.0328125 0.09765625
0 0.16796875 0.13984375 0.03125 0.07890625
0 0.6421875 0.18828125 0.034375 0.08828125
0 0.60078125 0.128125 0.03125 0.06484375
0 0.7375 0.16015625 0.03828125 0.10234375
1 0.484375 0.39453125 0.0609375 0.3046875
0 0.33515625 0.09921875 0.03046875 0.0671875
0 0.44296875 0.1375 0.0296875 0.08828125
1 0.39765625 0.4328125 0.06015625 0.28828125
0 0.3296875 0.20078125 0.0328125 0.08125
1 0.80859375 0.53515625 0.08515625 0.409375
0 0.93984375 0.14453125 0.053125 0.11171875
0 0.56640625 0.16953125 0.03359375 0.08828125
0 0.484375 0.14296875 0.03203125 0.0859375
0 0.06328125 0.159375 0.04609375 0.109375
1 0.93671875 0.53828125 0.12578125 0.48125
1 0.05703125 0.5078125 0.10234375 0.40703125
0 0.87109375 0.1640625 0.04765625 0.1140625
1 0.70390625 0.57109375 0.08828125 0.38203125
1 0.19609375 0.4625 0.0765625 0.36171875
1 0.56875 0.47265625 0.09609375 0.3875
0 0.80234375 0.18984375 0.06484375 0.11640625