0 0.847656 0.488281 0.164062 0.292187
0 0.131250 0.801562 0.175000 0.281250
0 0.524219 0.203906 0.160938 0.282813
0 0.846094 0.145313 0.160938 0.284375
0 0.314844 0.734375 0.170313 0.262500
0 0.678906 0.154688 0.157812 0.296875
0 0.665625 0.786719 0.168750 0.289062
0 0.035156 0.172656 0.067187 0.292187
0 0.490625 0.819531 0.175000 0.317188
0 0.150000 0.160938 0.162500 0.309375
0 0.667969 0.477344 0.167187 0.289062
0 0.496875 0.493750 0.168750 0.290625
0 0.315625 0.495312 0.171875 0.278125
0 0.146875 0.488281 0.165625 0.292187
0 0.314063 0.496094 0.156250 0.276562
0 0.860156 0.808594 0.176563 0.273438
0 0.352344 0.185938 0.160938 0.271875
