1 0.02421875 0.72421875 0.0359375 0.05
1 0.53828125 0.54765625 0.0734375 0.12890625
1 0.28671875 0.51171875 0.0671875 0.1
0 0.30703125 0.6875 0.02578125 0.03671875
0 0.0375 0.6765625 0.03203125 0.03671875
0 0.1296875 0.66640625 0.03515625 0.03515625
0 0.39296875 0.70625 0.0234375 0.046875
0 0.6234375 0.6375 0.0359375 0.03671875
0 0.31796875 0.4453125 0.03984375 0.05078125
1 0.9515625 0.35859375 0.0703125 0.1328125
1 0.60703125 0.71953125 0.053125 0.1109375
0 0.93046875 0.265625 0.03828125 0.05234375
0 0.55546875 0.45703125 0.040625 0.04609375
1 0.365625 0.7203125 0.07109375 0.13125