1 0.73984375 0.50625 0.08671875 0.23828125
1 0.1296875 0.565625 0.06640625 0.2265625
0 0.81328125 0.29453125 0.06015625 0.0890625
0 0.5265625 0.3453125 0.06640625 0.08359375
0 0.65703125 0.35703125 0.053125 0.08359375
1 0.5265625 0.5359375 0.10703125 0.2859375
1 0.36015625 0.54765625 0.09296875 0.25
0 0.1265625 0.38671875 0.053125 0.08359375
0 0.725 0.31875 0.06328125 0.07734375
1 0.8796875 0.4703125 0.06015625 0.2265625
0 0.41640625 0.35390625 0.053125 0.07734375
1 0.06328125 0.57421875 0.0734375 0.23203125
0 0.975 0.26171875 0.05 0.08359375
0 0.871875 0.29765625 0.05 0.08359375
0 0.36015625 0.36640625 0.053125 0.0890625
0 0.06171875 0.3984375 0.05703125 0.0953125