1 0.08203125 0.4109375 0.1390625 0.35546875
1 0.93359375 0.44140625 0.09296875 0.2734375
1 0.46953125 0.3921875 0.10546875 0.2640625
0 0.0875 0.1046875 0.09296875 0.12421875
0 0.71796875 0.246875 0.1046875 0.13359375
1 0.57421875 0.41640625 0.078125 0.2375
0 0.48984375 0.19140625 0.06875 0.1203125
0 0.9359375 0.21796875 0.06640625 0.0890625
0 0.571875 0.21875 0.04296875 0.0640625
0 0.33984375 0.1625 0.1359375 0.16875
1 0.721875 0.60859375 0.17421875 0.49765625
1 0.2828125 0.6265625 0.2140625 0.63125