1 0.15234375 0.7078125 0.26875 0.5734375
0 0.234375 0.171875 0.134375 0.14765625
0 0.3234375 0.32265625 0.11640625 0.1203125
0 0.1671875 0.240625 0.15234375 0.175
0 0.76328125 0.25703125 0.109375 0.175
0 0.67265625 0.28984375 0.13828125 0.1640625
0 0.89453125 0.2265625 0.16015625 0.18046875
0 0.521875 0.30859375 0.18515625 0.19140625
1 0.50234375 0.76171875 0.26015625 0.47578125
1 0.65625 0.7265625 0.140625 0.546875
1 0.86328125 0.66171875 0.1390625 0.57890625
1 0.29765625 0.6390625 0.14296875 0.39765625
0 0.64296875 0.21953125 0.140625 0.16640625
0 0.0890625 0.2984375 0.07890625 0.10625