1 0.74765625 0.3171875 0.0671875 0.08203125
1 0.67578125 0.34140625 0.0671875 0.08671875
0 0.99140625 0.27734375 0.0171875 0.0359375
1 0.98046875 0.34765625 0.03828125 0.0890625
1 0.9171875 0.31875 0.06484375 0.0796875
0 0.98203125 0.2984375 0.03125 0.01953125
0 0.66328125 0.27734375 0.03828125 0.040625
0 0.57109375 0.1609375 0.07421875 0.0578125
0 0.7390625 0.2546875 0.0453125 0.04296875
1 0.30390625 0.3453125 0.26171875 0.4828125
0 0.92421875 0.2546875 0.0453125 0.03828125
1 0.56875 0.3140625 0.1609375 0.19453125
1 0.0796875 0.3296875 0.15859375 0.53359375
0 0.44921875 0.11328125 0.16796875 0.196875