0 0.34140625 0.3453125 0.0484375 0.06171875
1 0.4359375 0.58984375 0.08984375 0.32734375
1 0.34140625 0.57109375 0.08671875 0.265625
0 0.4375 0.3453125 0.04140625 0.06171875
0 0.52265625 0.3765625 0.04453125 0.06171875
0 0.6828125 0.3515625 0.04453125 0.06171875
0 0.2484375 0.33671875 0.0484375 0.06796875
0 0.59140625 0.32734375 0.04140625 0.06171875
1 0.59921875 0.57421875 0.09609375 0.29609375
0 0.85859375 0.28984375 0.0515625 0.07421875
1 0.2390625 0.55234375 0.08671875 0.265625
0 0.7578125 0.31796875 0.04140625 0.05546875
1 0.76640625 0.53671875 0.08984375 0.259375
0 0.15703125 0.25 0.0578125 0.08046875
1 0.8703125 0.509375 0.08671875 0.265625
1 0.14765625 0.484375 0.10234375 0.278125