0 0.0890625 0.45546875 0.03828125 0.02890625
0 0.6421875 0.43984375 0.053125 0.03125
0 0.6984375 0.4359375 0.040625 0.03359375
0 0.39453125 0.44453125 0.04296875 0.03125
1 0.38203125 0.51796875 0.0765625 0.09609375
0 0.49375 0.43359375 0.06484375 0.04375
1 0.64921875 0.515625 0.0671875 0.1015625
0 0.12734375 0.4375 0.0625 0.04609375
1 0.70546875 0.5015625 0.06015625 0.07734375
0 0.27734375 0.42734375 0.05546875 0.040625
1 0.12265625 0.540625 0.09609375 0.1328125
1 0.26953125 0.51484375 0.08203125 0.11328125
1 0.5109375 0.525 0.09375 0.125