0 0.81640625 0.28046875 0.06484375 0.05078125
0 0.55625 0.5984375 0.05546875 0.0796875
1 0.85546875 0.4265625 0.115625 0.19296875
0 0.9125 0.28671875 0.040625 0.03828125
0 0.584375 0.40703125 0.04296875 0.03828125
0 0.24296875 0.30390625 0.071875 0.07265625
0 0.52265625 0.41328125 0.040625 0.04609375
1 0.13671875 0.50625 0.21171875 0.2890625
0 0.66015625 0.25390625 0.09375 0.06484375
1 0.43359375 0.609375 0.18515625 0.10625
1 0.44140625 0.44609375 0.0984375 0.115625
0 0.1515625 0.284375 0.1296875 0.10625
1 0.68359375 0.42734375 0.13671875 0.2046875