1 0.307031 0.761719 0.189062 0.423438
0 0.069531 0.074219 0.101562 0.104688
0 0.189844 0.046094 0.104688 0.089063
0 0.421875 0.045312 0.084375 0.087500
0 0.526563 0.174219 0.096875 0.117188
0 0.081250 0.301563 0.159375 0.159375
0 0.710156 0.030469 0.089063 0.057813
0 0.380469 0.105469 0.114062 0.126562
0 0.336719 0.328125 0.148438 0.162500
0 0.930469 0.024219 0.089063 0.045312
1 0.088281 0.750781 0.173437 0.492188
1 0.917969 0.339062 0.164062 0.390625
0 0.194531 0.330469 0.101562 0.145313
1 0.561719 0.823438 0.279687 0.353125
