1 0.48203125 0.340625 0.0796875 0.178125
0 0.66328125 0.640625 0.015625 0.03203125
1 0.01875 0.86171875 0.0359375 0.18984375
1 0.97890625 0.7125 0.04140625 0.1453125
1 0.50859375 0.88515625 0.07578125 0.1796875
0 0.5984375 0.65390625 0.02265625 0.0484375
1 0.14296875 0.10234375 0.05859375 0.18203125
0 0.62734375 0.6453125 0.025 0.05
0 0.48046875 0.7640625 0.03828125 0.05859375
0 0.5765625 0.771875 0.04609375 0.06328125
0 0.47578125 0.20703125 0.04296875 0.06640625
1 0.6203125 0.746875 0.053125 0.13359375
1 0.58671875 0.92265625 0.08046875 0.1546875
0 0.98359375 0.5921875 0.03046875 0.0484375
0 0.109375 0.53671875 0.04765625 0.06015625
1 0.83515625 0.6890625 0.059375 0.16484375
0 0.83046875 0.5609375 0.0328125 0.06171875