0 0.12734375 0.35546875 0.05078125 0.07265625
0 0.85859375 0.34765625 0.05390625 0.0796875
1 0.23203125 0.609375 0.1015625 0.2953125
0 0.01484375 0.33828125 0.0296875 0.06953125
0 0.30546875 0.3140625 0.0453125 0.06953125
1 0.67265625 0.60390625 0.10859375 0.30625
0 0.91875 0.35390625 0.05546875 0.0796875
0 0.46953125 0.34765625 0.0515625 0.0765625
0 0.7796875 0.3640625 0.05546875 0.07109375
1 0.5375 0.64296875 0.1046875 0.2890625
0 0.5375 0.39921875 0.0546875 0.078125
0 0.6671875 0.35 0.05546875 0.08125
0 0.06953125 0.31796875 0.06015625 0.07421875
0 0.334375 0.34609375 0.053125 0.0765625
0 0.23203125 0.36796875 0.0546875 0.0796875
0 0.42734375 0.2984375 0.04921875 0.0765625
0 0.984375 0.2359375 0.0296875 0.078125
0 0.565625 0.2921875 0.05546875 0.06953125
0 0.7296875 0.31640625 0.0578125 0.07109375
1 0.1265625 0.58515625 0.10859375 0.26484375
0 0.18046875 0.32265625 0.05 0.06796875
0 0.37421875 0.4515625 0.0578125 0.084375
1 0.36875 0.678125 0.090625 0.240625
1 0.7828125 0.61953125 0.08671875 0.2734375
1 0.91484375 0.60859375 0.11171875 0.28828125